3
2
36
9285
[662, 0, 658, 0, 636, 0, 0, 630, 649, 633, 0, 0, 631, 0, 654, 0, 638, 644, 0, 0, 0, 656, 0, 648, 0, 0, 0, 632, 0, 0, 0, 0, 0, 654, 0, 0]
[125, 132, 131, 132, 129, 127, 125, 125, 128, 129, 125, 129, 129, 126, 132, 125, 129, 126, 126, 130, 132, 130, 132, 126, 132, 129, 125, 132, 131, 128, 127, 129, 129, 132, 132, 126]
[[0, 1, 0, 1, 0, 0, 1, 0, 0, 0, 0, 0, 0, 0, 0, 0, 0, 0, 0, 0, 0, 0, 0, 0, 0, 0, 0, 0, 0, 0, 0, 0, 0, 0, 0, 0], [1, 0, 0, 0, 0, 0, 1, 0, 1, 0, 0, 0, 0, 0, 0, 0, 0, 0, 0, 0, 0, 0, 0, 0, 0, 0, 0, 0, 0, 0, 0, 0, 0, 0, 0, 0], [0, 0, 0, 0, 0, 0, 0, 1, 0, 0, 0, 0, 0, 0, 0, 0, 0, 0, 0, 0, 0, 0, 0, 0, 0, 0, 0, 0, 0, 0, 0, 0, 0, 0, 0, 1], [1, 0, 0, 0, 0, 0, 1, 0, 0, 0, 0, 0, 0, 0, 1, 1, 0, 0, 0, 0, 0, 0, 0, 0, 0, 0, 0, 0, 0, 0, 0, 0, 0, 0, 0, 0], [0, 0, 0, 0, 0, 1, 0, 0, 0, 0, 0, 0, 0, 0, 0, 0, 0, 0, 0, 0, 0, 0, 0, 0, 0, 0, 0, 0, 0, 0, 0, 1, 0, 0, 0, 0], [0, 0, 0, 0, 1, 0, 0, 0, 0, 0, 0, 0, 0, 0, 0, 0, 0, 0, 0, 1, 0, 0, 0, 0, 0, 0, 0, 0, 0, 0, 0, 1, 0, 0, 0, 0], [1, 1, 0, 1, 0, 0, 0, 0, 1, 0, 0, 0, 0, 0, 0, 1, 0, 0, 0, 0, 0, 1, 0, 0, 0, 0, 0, 1, 0, 0, 0, 0, 0, 0, 0, 0], [0, 0, 1, 0, 0, 0, 0, 0, 0, 1, 1, 1, 0, 0, 0, 0, 0, 0, 0, 0, 0, 0, 0, 0, 0, 0, 0, 0, 0, 0, 0, 0, 0, 0, 0, 1], [0, 1, 0, 0, 0, 0, 1, 0, 0, 1, 0, 0, 0, 0, 0, 0, 0, 0, 0, 0, 0, 0, 0, 0, 0, 1, 0, 1, 0, 0, 0, 0, 0, 0, 0, 0], [0, 0, 0, 0, 0, 0, 0, 1, 1, 0, 0, 1, 0, 0, 0, 0, 0, 0, 0, 0, 0, 0, 0, 0, 0, 1, 0, 0, 0, 0, 0, 0, 0, 0, 0, 0], [0, 0, 0, 0, 0, 0, 0, 1, 0, 0, 0, 1, 0, 0, 0, 0, 0, 0, 0, 0, 0, 0, 0, 0, 1, 0, 0, 0, 0, 0, 0, 0, 0, 1, 0, 1], [0, 0, 0, 0, 0, 0, 0, 1, 0, 1, 1, 0, 1, 0, 0, 0, 0, 0, 0, 0, 0, 0, 0, 0, 0, 0, 0, 0, 0, 0, 0, 0, 0, 0, 0, 0], [0, 0, 0, 0, 0, 0, 0, 0, 0, 0, 0, 1, 0, 0, 0, 0, 0, 0, 0, 0, 0, 0, 0, 0, 1, 1, 0, 0, 0, 0, 0, 0, 0, 0, 0, 0], [0, 0, 0, 0, 0, 0, 0, 0, 0, 0, 0, 0, 0, 0, 1, 0, 1, 0, 1, 0, 0, 0, 0, 0, 0, 0, 0, 0, 0, 0, 0, 0, 0, 0, 0, 0], [0, 0, 0, 1, 0, 0, 0, 0, 0, 0, 0, 0, 0, 1, 0, 1, 0, 1, 0, 0, 0, 0, 0, 0, 0, 0, 0, 0, 0, 0, 0, 0, 0, 0, 0, 0], [0, 0, 0, 1, 0, 0, 1, 0, 0, 0, 0, 0, 0, 0, 1, 0, 0, 0, 1, 0, 0, 1, 1, 0, 0, 0, 0, 0, 0, 0, 0, 0, 0, 0, 0, 0], [0, 0, 0, 0, 0, 0, 0, 0, 0, 0, 0, 0, 0, 1, 0, 0, 0, 0, 1, 0, 0, 0, 0, 0, 0, 0, 0, 0, 0, 0, 0, 0, 0, 0, 0, 0], [0, 0, 0, 0, 0, 0, 0, 0, 0, 0, 0, 0, 0, 0, 1, 0, 0, 0, 0, 0, 0, 0, 0, 0, 0, 0, 0, 0, 0, 0, 0, 0, 0, 0, 0, 0], [0, 0, 0, 0, 0, 0, 0, 0, 0, 0, 0, 0, 0, 1, 0, 1, 1, 0, 0, 1, 0, 0, 1, 0, 0, 0, 0, 0, 1, 0, 1, 0, 0, 0, 0, 0], [0, 0, 0, 0, 0, 1, 0, 0, 0, 0, 0, 0, 0, 0, 0, 0, 0, 0, 1, 0, 0, 0, 0, 0, 0, 0, 0, 0, 0, 0, 1, 0, 0, 0, 0, 0], [0, 0, 0, 0, 0, 0, 0, 0, 0, 0, 0, 0, 0, 0, 0, 0, 0, 0, 0, 0, 0, 1, 1, 0, 0, 0, 1, 0, 1, 0, 0, 0, 0, 0, 0, 0], [0, 0, 0, 0, 0, 0, 1, 0, 0, 0, 0, 0, 0, 0, 0, 1, 0, 0, 0, 0, 1, 0, 1, 0, 0, 0, 0, 1, 0, 0, 0, 0, 0, 0, 0, 0], [0, 0, 0, 0, 0, 0, 0, 0, 0, 0, 0, 0, 0, 0, 0, 1, 0, 0, 1, 0, 1, 1, 0, 0, 0, 0, 0, 0, 1, 0, 0, 0, 0, 0, 0, 0], [0, 0, 0, 0, 0, 0, 0, 0, 0, 0, 0, 0, 0, 0, 0, 0, 0, 0, 0, 0, 0, 0, 0, 0, 1, 1, 1, 0, 1, 0, 0, 0, 0, 0, 0, 0], [0, 0, 0, 0, 0, 0, 0, 0, 0, 0, 1, 0, 1, 0, 0, 0, 0, 0, 0, 0, 0, 0, 0, 1, 0, 1, 0, 0, 0, 0, 0, 0, 0, 0, 1, 0], [0, 0, 0, 0, 0, 0, 0, 0, 1, 1, 0, 0, 1, 0, 0, 0, 0, 0, 0, 0, 0, 0, 0, 1, 1, 0, 0, 1, 0, 0, 0, 0, 0, 0, 0, 0], [0, 0, 0, 0, 0, 0, 0, 0, 0, 0, 0, 0, 0, 0, 0, 0, 0, 0, 0, 0, 1, 0, 0, 1, 0, 0, 0, 1, 1, 0, 0, 0, 0, 0, 0, 0], [0, 0, 0, 0, 0, 0, 1, 0, 1, 0, 0, 0, 0, 0, 0, 0, 0, 0, 0, 0, 0, 1, 0, 0, 0, 1, 1, 0, 0, 0, 0, 0, 0, 0, 0, 0], [0, 0, 0, 0, 0, 0, 0, 0, 0, 0, 0, 0, 0, 0, 0, 0, 0, 0, 1, 0, 1, 0, 1, 1, 0, 0, 1, 0, 0, 0, 1, 0, 0, 0, 1, 0], [0, 0, 0, 0, 0, 0, 0, 0, 0, 0, 0, 0, 0, 0, 0, 0, 0, 0, 0, 0, 0, 0, 0, 0, 0, 0, 0, 0, 0, 0, 0, 1, 1, 1, 0, 1], [0, 0, 0, 0, 0, 0, 0, 0, 0, 0, 0, 0, 0, 0, 0, 0, 0, 0, 1, 1, 0, 0, 0, 0, 0, 0, 0, 0, 1, 0, 0, 1, 0, 0, 1, 0], [0, 0, 0, 0, 1, 1, 0, 0, 0, 0, 0, 0, 0, 0, 0, 0, 0, 0, 0, 0, 0, 0, 0, 0, 0, 0, 0, 0, 0, 1, 1, 0, 1, 0, 0, 0], [0, 0, 0, 0, 0, 0, 0, 0, 0, 0, 0, 0, 0, 0, 0, 0, 0, 0, 0, 0, 0, 0, 0, 0, 0, 0, 0, 0, 0, 1, 0, 1, 0, 0, 0, 1], [0, 0, 0, 0, 0, 0, 0, 0, 0, 0, 1, 0, 0, 0, 0, 0, 0, 0, 0, 0, 0, 0, 0, 0, 0, 0, 0, 0, 0, 1, 0, 0, 0, 0, 1, 0], [0, 0, 0, 0, 0, 0, 0, 0, 0, 0, 0, 0, 0, 0, 0, 0, 0, 0, 0, 0, 0, 0, 0, 0, 1, 0, 0, 0, 1, 0, 1, 0, 0, 1, 0, 0], [0, 0, 1, 0, 0, 0, 0, 1, 0, 0, 1, 0, 0, 0, 0, 0, 0, 0, 0, 0, 0, 0, 0, 0, 0, 0, 0, 0, 0, 1, 0, 0, 1, 0, 0, 0]]
[78, 427, 465, 284, 186, 444, 483, 54, 455, 230, 129, 127, 290, 468, 72, 59, 129, 416, 58, 345, 208, 130, 461, 52, 201, 223, 440, 65, 103, 260, 211, 408, 218, 294, 414, 398]
0.03
[[0.0, 3.477581016564174, 17.80642953014368, 5.871841440468218, 20.876544893363008, 21.517737263169362, 3.8366060224899425, 16.29890608694434, 7.3128417495215645, 12.022898152572704, 14.73851915917182, 12.843520025669285, 11.279663703292785, 14.915683831657516, 12.615590816449874, 8.791493218430752, 17.330481153051327, 15.310197590002945, 14.948988737438178, 18.208974828701738, 8.105618109178186, 6.088381468144373, 9.533432081430208, 10.544813441837578, 12.436590690208368, 9.527402215230788, 8.700293810912527, 7.128950280799779, 11.380728840161437, 17.566913372474584, 15.855790030245664, 19.0054618589478, 18.910428448885327, 15.934706897982135, 14.366009234864517, 17.086682886867333], [3.477581016564174, 0.0, 15.880796730877627, 8.750634617468773, 20.244258425133157, 21.450788538767743, 4.418885451401647, 13.881214252094887, 4.5967096097274895, 9.311094831228795, 13.299674911561393, 10.797182901269414, 9.682985524065668, 16.697882306740386, 14.992693748132753, 10.621050334554083, 18.72076318773375, 17.845323239515846, 15.99726932732806, 18.581935939598097, 8.362254901045757, 6.388493650587127, 10.313953322229471, 9.936044663775187, 11.520245828620483, 8.062265815582068, 8.382840574246579, 6.055512889671275, 11.590726895603746, 16.442790595328997, 15.699335118289909, 18.387858439977972, 17.709755762600338, 14.874132076743495, 13.855652864346595, 15.459666967360446], [17.80642953014368, 15.880796730877627, 0.0, 18.32632255056401, 8.342920234353672, 11.622517384772879, 14.339609331580512, 3.3829221644631886, 11.397436048806544, 7.430902275358169, 3.7536986134772334, 5.084241118861633, 6.566460527735646, 17.433535212848614, 19.174971908392905, 15.566158351837588, 16.720287870206644, 21.577079513764534, 14.008953461997343, 12.07484320389428, 11.566815197419704, 12.68979323431897, 12.374166640191978, 8.537086745308189, 6.664446128485057, 8.318738852379395, 10.230796870148819, 10.752705348114423, 10.356728321615465, 4.347356974725105, 8.785931370290465, 7.427257536596446, 4.357644439172978, 4.670964561984929, 7.25659917144909, 1.7484654802120325], [5.871841440468218, 8.750634617468773, 18.32632255056401, 0.0, 18.895631994381212, 18.586823583485117, 5.369217530706881, 17.88270852215395, 10.711801489056786, 14.604571334283717, 14.69136811013588, 14.110950962872321, 12.044247887741887, 9.725108469643121, 6.898267085654842, 4.243725680025652, 12.514790558902208, 9.471158181046253, 10.765886245829384, 14.797001995726038, 6.781268885935326, 5.8603704590407855, 6.729712577932251, 9.84732493274959, 11.844146971707536, 10.484198003789018, 8.0960729008761, 8.346513391172303, 9.09504291513249, 16.671861286415268, 13.497700123080225, 17.127866459923805, 18.03662965204868, 15.092318441652264, 12.78118673161504, 17.122409783426548], [20.876544893363008, 20.244258425133157, 8.342920234353672, 18.895631994381212, 0.0, 3.557009845272361, 17.040229413045928, 11.550414906111287, 16.613788499059847, 14.309394191155409, 7.759974361758775, 11.165544753817905, 11.015528843460654, 13.580928701276033, 16.6305649906988, 14.926978997977503, 11.55307403989756, 18.13494489046786, 10.034449365192069, 6.030911073086122, 12.874637277994655, 14.807432123119588, 12.184626464868762, 10.393112409278576, 8.731987021705983, 12.326573691947367, 12.182187738276825, 14.199546804902637, 9.864270358501244, 4.4958831009440265, 5.40731346300878, 1.8727677927585682, 3.988580069039585, 5.650572581037564, 6.510734011476893, 7.01325504606124], [21.517737263169362, 21.450788538767743, 11.622517384772879, 18.586823583485117, 3.557009845272361, 0.0, 17.75342540281475, 14.651440083767278, 18.349197270475944, 16.797310445952718, 10.271376730252472, 13.629204335281948, 12.99471125288768, 11.627677443764796, 15.076455187962878, 14.389805055997686, 9.09446268826795, 16.084855900842257, 8.446591850063639, 3.9937755173542344, 13.422419388251525, 15.470266051305765, 12.178693647135242, 11.556492227055442, 10.347236111911629, 13.984015900211306, 13.087140815390631, 15.446859735139373, 10.137825820560991, 7.4177418263166786, 5.751869864919855, 4.242463201304093, 7.3092360036289, 8.065097861214749, 7.737698874782289, 10.118760121596194], [3.8366060224899425, 4.418885451401647, 14.339609331580512, 5.369217530706881, 17.040229413045928, 17.75342540281475, 0.0, 13.236942710238836, 5.343749521112456, 9.463786059276144, 11.075372738575236, 9.574862546754266, 7.774589839410752, 12.285889721473705, 10.780447368988076, 6.254678521228582, 14.322291774634976, 13.692951292180924, 11.666518498375424, 14.573147571571612, 4.336311380232221, 2.283188210108225, 6.029096766797093, 6.720898684490669, 8.645233940468176, 6.030676139365491, 4.864690889534704, 3.603984883379434, 7.641834950548712, 13.783824485104793, 12.056455595310974, 15.168978076230605, 15.138080815343201, 12.146913806023294, 10.529578514656246, 13.473008053212443], [16.29890608694434, 13.881214252094887, 3.3829221644631886, 17.88270852215395, 11.550414906111287, 14.651440083767278, 13.236942710238836, 0.0, 9.284556882207587, 4.716192923246329, 5.056988745655914, 3.774188716970186, 5.897590502329624, 18.789048514729902, 19.941997239865263, 15.821524086051612, 18.583724011444584, 22.581765394452987, 15.645328667527254, 14.511958351821011, 11.43375627839655, 12.030755330385695, 12.7798794989146, 8.738627798882524, 7.364107299233702, 7.4013744465460745, 10.014677879532137, 9.687206704746377, 11.198447978313466, 7.233789299853935, 10.935897682333744, 10.409015875393079, 7.581380234218828, 6.9294201886125855, 8.964795519431666, 4.5507021540317645], [7.3128417495215645, 4.5967096097274895, 11.397436048806544, 10.711801489056786, 16.613788499059847, 18.349197270475944, 5.343749521112456, 9.284556882207587, 0.0, 4.758268826727307, 9.179985974740767, 6.331075435464371, 5.627978101743021, 16.16459427892705, 15.488560436218025, 10.772180049946574, 17.513337221943196, 18.434345767569177, 14.493332769578636, 16.078657756360684, 6.901520430579982, 5.722579953548633, 9.104028424360239, 6.990388708490172, 8.016682345965675, 4.3658013402423075, 6.144163005816885, 3.6128093658499836, 9.435609998719976, 12.479708975737886, 12.734213443732347, 14.822963399040981, 13.652536703354858, 11.020325375771979, 10.613472590824788, 11.144380969103477], [12.022898152572704, 9.311094831228795, 7.430902275358169, 14.604571334283717, 14.309394191155409, 16.797310445952718, 9.463786059276144, 4.716192923246329, 4.758268826727307, 0.0, 6.5767233636144145, 3.17223947305457, 4.3608777601923725, 17.81061044261241, 18.07783115144544, 13.511722972832102, 18.389265542225427, 20.936717465188913, 15.286821435112621, 15.52101848691693, 9.04077337072608, 8.8781068552154, 10.945491240924202, 7.3338851290819305, 7.07878745664166, 4.773954215995626, 7.7363876312643995, 6.306420794497843, 10.184104952758108, 9.832458761824746, 11.843874363920998, 12.751298439870324, 10.705678646809108, 8.770226123992426, 9.580205238386908, 7.743483835309465], [14.73851915917182, 13.299674911561393, 3.7536986134772334, 14.69136811013588, 7.759974361758775, 10.271376730252472, 11.075372738575236, 5.056988745655914, 9.179985974740767, 6.5767233636144145, 0.0, 3.412479123944642, 3.619540237300572, 13.925629381190658, 15.468196279366786, 11.815332876530224, 13.545181792408867, 17.938508110584788, 10.653183788880211, 9.547246514883973, 7.910368127794839, 9.220020755396089, 8.621185734548776, 4.848322680850166, 2.916834478364848, 5.279081434573391, 6.634183495008982, 7.612572227709093, 6.629096114002384, 3.3570274810827727, 5.909429052551486, 6.175238400403228, 4.47266475127727, 2.2074735633534983, 3.9139777509482876, 2.4418977897002514], [12.843520025669285, 10.797182901269414, 5.084241118861633, 14.110950962872321, 11.165544753817905, 13.629204335281948, 9.574862546754266, 3.774188716970186, 6.331075435464371, 3.17223947305457, 3.412479123944642, 0.0, 2.16026402662541, 15.588202258192608, 16.40032561714001, 12.135371989224184, 15.793946013594066, 19.128499335057157, 12.73293955203576, 12.504072020680777, 7.696617666005514, 8.264369975187547, 9.183090897544943, 5.185397477410561, 4.283929735852711, 3.638058368898685, 6.277528156357122, 5.9839208700809055, 7.876598960503216, 6.714659198039306, 8.809160820536587, 9.582647664985387, 7.67938845068254, 5.598833979492909, 6.573114883110913, 4.891119979226414], [11.279663703292785, 9.682985524065668, 6.566460527735646, 12.044247887741887, 11.015528843460654, 12.99471125288768, 7.774589839410752, 5.897590502329624, 5.627978101743021, 4.3608777601923725, 3.619540237300572, 2.16026402662541, 0.0, 13.612893159626887, 14.271358272723695, 9.975435543234996, 14.042887536688234, 17.027747479415588, 10.945793934073079, 11.29131458932553, 5.541877933919993, 6.241463439607894, 7.047792348028225, 3.112328311146174, 2.7940981784693775, 1.7562890847640746, 4.122144347494098, 4.187626149076791, 5.9109511008899345, 6.859579715695545, 7.6723088396508805, 9.258460894861802, 8.066724218187266, 5.395774643178527, 5.4147376032396615, 5.834185175394659], [14.915683831657516, 16.697882306740386, 17.433535212848614, 9.725108469643121, 13.580928701276033, 11.627677443764796, 12.285889721473705, 18.789048514729902, 16.16459427892705, 17.81061044261241, 13.925629381190658, 15.588202258192608, 13.612893159626887, 0.0, 3.7417532215406752, 6.148332793636944, 3.0869163486377844, 4.55408798678567, 3.629895147926608, 7.732824720934236, 9.274017054878778, 10.66627290280832, 7.089239563237889, 10.512658032362333, 11.443623051218152, 13.097924404772492, 10.272255217986446, 12.574642319138286, 7.715140320450818, 13.828430664151611, 9.074944056542762, 12.400003201553226, 14.868752388686191, 12.844642093230897, 10.177943430748565, 15.735053426720876], [12.615590816449874, 14.992693748132753, 19.174971908392905, 6.898267085654842, 16.6305649906988, 15.076455187962878, 10.780447368988076, 19.941997239865263, 15.488560436218025, 18.07783115144544, 15.468196279366786, 16.40032561714001, 14.271358272723695, 3.7417532215406752, 0.0, 4.717753347679054, 6.824415076681499, 2.9465199258739396, 6.672784534818799, 11.0965508846582, 9.045129162541294, 9.76616699785528, 7.2241223466050055, 11.228629686691548, 12.67391154449069, 13.320226377691702, 10.350775211212122, 12.130810551788706, 8.843927343181658, 16.097490878272655, 11.622602919386463, 15.232076527374025, 17.287819105829982, 14.857758777362836, 12.135663055167417, 17.584369172265074], [8.791493218430752, 10.621050334554083, 15.566158351837588, 4.243725680025652, 14.926978997977503, 14.389805055997686, 6.254678521228582, 15.821524086051612, 10.772180049946574, 13.511722972832102, 11.815332876530224, 12.135371989224184, 9.975435543234996, 6.148332793636944, 4.717753347679054, 0.0, 8.585267532219016, 7.662479056324635, 6.553987313234508, 10.562119702189516, 4.499824975399844, 5.049635251825181, 3.2014993291643856, 7.133863041578179, 8.901786527582717, 8.81699664086263, 5.88983190132776, 7.436012543640894, 5.457915082843535, 13.214727930317348, 9.52635754518733, 13.229838555515874, 14.537716950864008, 11.73906177515494, 9.184537840614968, 14.14141048286865], [17.330481153051327, 18.72076318773375, 16.720287870206644, 12.514790558902208, 11.55307403989756, 9.09446268826795, 14.322291774634976, 18.583724011444584, 17.513337221943196, 18.389265542225427, 13.545181792408867, 15.793946013594066, 14.042887536688234, 3.0869163486377844, 6.824415076681499, 8.585267532219016, 0.0, 7.10130370740151, 3.106500041102107, 5.522170900928916, 10.69692811017812, 12.418528133359228, 8.528749210331592, 11.106558639610911, 11.51139933023377, 13.90986870808653, 11.387406352206066, 13.910436654535665, 8.279899177125467, 12.710694466389066, 7.954502849993064, 10.692364587145036, 13.544260994168228, 12.050083570731092, 9.632967715886219, 14.97439449494753], [15.310197590002945, 17.845323239515846, 21.577079513764534, 9.471158181046253, 18.13494489046786, 16.084855900842257, 13.692951292180924, 22.581765394452987, 18.434345767569177, 20.936717465188913, 17.938508110584788, 19.128499335057157, 17.027747479415588, 4.55408798678567, 2.9465199258739396, 7.662479056324635, 7.10130370740151, 0.0, 8.15212546361594, 12.254510089232841, 11.931113406519023, 12.711792112362193, 10.014379550910395, 13.943128060388029, 15.242074062365878, 16.166414965744828, 13.20033133400806, 15.05979290488446, 11.391558483107133, 18.20497502704426, 13.52389426012082, 16.935535345594527, 19.305356985625146, 17.102727977238764, 14.386649685512896, 19.92793278140029], [14.948988737438178, 15.99726932732806, 14.008953461997343, 10.765886245829384, 10.034449365192069, 8.446591850063639, 11.666518498375424, 15.645328667527254, 14.493332769578636, 15.286821435112621, 10.653183788880211, 12.73293955203576, 10.945793934073079, 3.629895147926608, 6.672784534818799, 6.553987313234508, 3.106500041102107, 8.15212546361594, 0.0, 4.452893843251754, 7.775669318167994, 9.620680765062133, 5.68755370420829, 8.000477407405366, 8.460254106192654, 10.809789974029645, 8.350605596537946, 10.910474319651529, 5.18044310398865, 10.2499836492664, 5.467320027826538, 8.783428540219726, 11.255092925278104, 9.362543732118631, 6.783392236208296, 12.2830339615501], [18.208974828701738, 18.581935939598097, 12.07484320389428, 14.797001995726038, 6.030911073086122, 3.9937755173542344, 14.573147571571612, 14.511958351821011, 16.078657756360684, 15.52101848691693, 9.547246514883973, 12.504072020680777, 11.29131458932553, 7.732824720934236, 11.0965508846582, 10.562119702189516, 5.522170900928916, 12.254510089232841, 4.452893843251754, 0.0, 10.272291542727887, 12.322384256969436, 8.69028888071071, 9.088339315277617, 8.497412079579734, 11.839239813119784, 10.255957632892564, 12.802650536673772, 6.992852086008575, 7.786863453111473, 3.6956772975920797, 5.294498740662596, 8.3673715471416, 7.594843487234279, 5.943449193048479, 10.352192803329226], [8.105618109178186, 8.362254901045757, 11.566815197419704, 6.781268885935326, 12.874637277994655, 13.422419388251525, 4.336311380232221, 11.43375627839655, 6.901520430579982, 9.04077337072608, 7.910368127794839, 7.696617666005514, 5.541877933919993, 9.274017054878778, 9.045129162541294, 4.499824975399844, 10.69692811017812, 11.931113406519023, 7.775669318167994, 10.272291542727887, 0.0, 2.0586017631906532, 2.2038964529687175, 3.0672332107356843, 5.076512569924223, 4.317978546192749, 1.4197478186707084, 3.300814226826702, 3.3074437609839165, 10.048134040130623, 7.752047966776468, 11.017443657715527, 11.422185541544442, 8.429617479504458, 6.411650748795425, 10.341497248415969], [6.088381468144373, 6.388493650587127, 12.68979323431897, 5.8603704590407855, 14.807432123119588, 15.470266051305765, 2.283188210108225, 12.030755330385695, 5.722579953548633, 8.8781068552154, 9.220020755396089, 8.264369975187547, 6.241463439607894, 10.66627290280832, 9.76616699785528, 5.049635251825181, 12.418528133359228, 12.711792112362193, 9.620680765062133, 12.322384256969436, 2.0586017631906532, 0.0, 3.9331283498991887, 4.601190384514726, 6.59577408045531, 4.629380994623775, 2.7022064006442577, 2.5744442252291346, 5.366008192180598, 11.713199931063503, 9.77671712679096, 12.939618613335721, 13.080822519848528, 10.075499214794315, 8.303412822810783, 11.655927991647767], [9.533432081430208, 10.313953322229471, 12.374166640191978, 6.729712577932251, 12.184626464868762, 12.178693647135242, 6.029096766797093, 12.7798794989146, 9.104028424360239, 10.945491240924202, 8.621185734548776, 9.183090897544943, 7.047792348028225, 7.089239563237889, 7.2241223466050055, 3.2014993291643856, 8.528749210331592, 10.014379550910395, 5.68755370420829, 8.69028888071071, 2.2038964529687175, 3.9331283498991887, 0.0, 4.041314957040017, 5.713006857291637, 6.172012005579925, 3.2350826448247427, 5.497744413290763, 2.3737464388122786, 10.086563297488645, 6.810562184469185, 10.40175474653726, 11.429242432791707, 8.574464498891768, 6.1016168175897425, 10.939911466212903], [10.544813441837578, 9.936044663775187, 8.537086745308189, 9.84732493274959, 10.393112409278576, 11.556492227055442, 6.720898684490669, 8.738627798882524, 6.990388708490172, 7.3338851290819305, 4.848322680850166, 5.185397477410561, 3.112328311146174, 10.512658032362333, 11.228629686691548, 7.133863041578179, 11.106558639610911, 13.943128060388029, 8.000477407405366, 9.088339315277617, 3.0672332107356843, 4.601190384514726, 4.041314957040017, 0.0, 2.024856372475904, 2.8532023374167728, 1.9005247345155662, 3.895165057455157, 2.8516932379412157, 7.112391772350225, 5.831099389997792, 8.521880568670937, 8.481168864181658, 5.475294964994173, 3.925645310161791, 7.275153326681369], [12.436590690208368, 11.520245828620483, 6.664446128485057, 11.844146971707536, 8.731987021705983, 10.347236111911629, 8.645233940468176, 7.364107299233702, 8.016682345965675, 7.07878745664166, 2.916834478364848, 4.283929735852711, 2.7940981784693775, 11.443623051218152, 12.67391154449069, 8.901786527582717, 11.51139933023377, 15.242074062365878, 8.460254106192654, 8.497412079579734, 5.076512569924223, 6.59577408045531, 5.713006857291637, 2.024856372475904, 0.0, 3.6554202241901357, 3.9100708253933494, 5.499981254394514, 3.851201330461189, 5.138809652976897, 4.889026947390051, 6.888961579697383, 6.497062272039909, 3.5017153621721144, 2.651352040663093, 5.299806317218876], [9.527402215230788, 8.062265815582068, 8.318738852379395, 10.484198003789018, 12.326573691947367, 13.984015900211306, 6.030676139365491, 7.4013744465460745, 4.3658013402423075, 4.773954215995626, 5.279081434573391, 3.638058368898685, 1.7562890847640746, 13.097924404772492, 13.320226377691702, 8.81699664086263, 13.90986870808653, 16.166414965744828, 10.809789974029645, 11.839239813119784, 4.317978546192749, 4.629380994623775, 6.172012005579925, 2.8532023374167728, 3.6554202241901357, 0.0, 2.969577285627661, 2.434160704733751, 5.630089515221758, 8.382503549832505, 8.39916042472376, 10.508012862726355, 9.649234387655602, 6.830562346755087, 6.250421365330413, 7.568357133096893], [8.700293810912527, 8.382840574246579, 10.230796870148819, 8.0960729008761, 12.182187738276825, 13.087140815390631, 4.864690889534704, 10.014677879532137, 6.144163005816885, 7.7363876312643995, 6.634183495008982, 6.277528156357122, 4.122144347494098, 10.272255217986446, 10.350775211212122, 5.88983190132776, 11.387406352206066, 13.20033133400806, 8.350605596537946, 10.255957632892564, 1.4197478186707084, 2.7022064006442577, 3.2350826448247427, 1.9005247345155662, 3.9100708253933494, 2.969577285627661, 0.0, 2.602225392990952, 3.346587286259991, 9.012762880174886, 7.338114457985752, 10.309876911058547, 10.381692395957414, 7.375814294523142, 5.672761307172306, 9.075666625525638], [7.128950280799779, 6.055512889671275, 10.752705348114423, 8.346513391172303, 14.199546804902637, 15.446859735139373, 3.603984883379434, 9.687206704746377, 3.6128093658499836, 6.306420794497843, 7.612572227709093, 5.9839208700809055, 4.187626149076791, 12.574642319138286, 12.130810551788706, 7.436012543640894, 13.910436654535665, 15.05979290488446, 10.910474319651529, 12.802650536673772, 3.300814226826702, 2.5744442252291346, 5.497744413290763, 3.895165057455157, 5.499981254394514, 2.434160704733751, 2.602225392990952, 0.0, 5.947165190975792, 10.543860466720389, 9.708155470926995, 12.338594815257498, 11.860088897174222, 8.93465066418454, 7.803484951714221, 9.960524730479511], [11.380728840161437, 11.590726895603746, 10.356728321615465, 9.09504291513249, 9.864270358501244, 10.137825820560991, 7.641834950548712, 11.198447978313466, 9.435609998719976, 10.184104952758108, 6.629096114002384, 7.876598960503216, 5.9109511008899345, 7.715140320450818, 8.843927343181658, 5.457915082843535, 8.279899177125467, 11.391558483107133, 5.18044310398865, 6.992852086008575, 3.3074437609839165, 5.366008192180598, 2.3737464388122786, 2.8516932379412157, 3.851201330461189, 5.630089515221758, 3.346587286259991, 5.947165190975792, 0.0, 7.7573132654790165, 4.5545564198271205, 8.05801798743812, 9.08583365587733, 6.292324622992244, 3.740007141902585, 8.821183939678177], [17.566913372474584, 16.442790595328997, 4.347356974725105, 16.671861286415268, 4.4958831009440265, 7.4177418263166786, 13.783824485104793, 7.233789299853935, 12.479708975737886, 9.832458761824746, 3.3570274810827727, 6.714659198039306, 6.859579715695545, 13.828430664151611, 16.097490878272655, 13.214727930317348, 12.710694466389066, 18.20497502704426, 10.2499836492664, 7.786863453111473, 10.048134040130623, 11.713199931063503, 10.086563297488645, 7.112391772350225, 5.138809652976897, 8.382503549832505, 9.012762880174886, 10.543860466720389, 7.7573132654790165, 0.0, 4.799168464637318, 3.1752787119905337, 1.3741001586298949, 1.6386813552311297, 4.04784275317197, 2.719678619066883], [15.855790030245664, 15.699335118289909, 8.785931370290465, 13.497700123080225, 5.40731346300878, 5.751869864919855, 12.056455595310974, 10.935897682333744, 12.734213443732347, 11.843874363920998, 5.909429052551486, 8.809160820536587, 7.6723088396508805, 9.074944056542762, 11.622602919386463, 9.52635754518733, 7.954502849993064, 13.52389426012082, 5.467320027826538, 3.6956772975920797, 7.752047966776468, 9.77671712679096, 6.810562184469185, 5.831099389997792, 4.889026947390051, 8.39916042472376, 7.338114457985752, 9.708155470926995, 4.5545564198271205, 4.799168464637318, 0.0, 3.722867415013022, 5.79396243611848, 4.134084879024873, 2.267739491675715, 7.037489498426213], [19.0054618589478, 18.387858439977972, 7.427257536596446, 17.127866459923805, 1.8727677927585682, 4.242463201304093, 15.168978076230605, 10.409015875393079, 14.822963399040981, 12.751298439870324, 6.175238400403228, 9.582647664985387, 9.258460894861802, 12.400003201553226, 15.232076527374025, 13.229838555515874, 10.692364587145036, 16.935535345594527, 8.783428540219726, 5.294498740662596, 11.017443657715527, 12.939618613335721, 10.40175474653726, 8.521880568670937, 6.888961579697383, 10.508012862726355, 10.309876911058547, 12.338594815257498, 8.05801798743812, 3.1752787119905337, 3.722867415013022, 0.0, 3.237249327153415, 3.9883457990586386, 4.639485221382186, 5.8812529322352205], [18.910428448885327, 17.709755762600338, 4.357644439172978, 18.03662965204868, 3.988580069039585, 7.3092360036289, 15.138080815343201, 7.581380234218828, 13.652536703354858, 10.705678646809108, 4.47266475127727, 7.67938845068254, 8.066724218187266, 14.868752388686191, 17.287819105829982, 14.537716950864008, 13.544260994168228, 19.305356985625146, 11.255092925278104, 8.3673715471416, 11.422185541544442, 13.080822519848528, 11.429242432791707, 8.481168864181658, 6.497062272039909, 9.649234387655602, 10.381692395957414, 11.860088897174222, 9.08583365587733, 1.3741001586298949, 5.79396243611848, 3.237249327153415, 0.0, 3.0059982775527403, 5.353878779745959, 3.0895549118486225], [15.934706897982135, 14.874132076743495, 4.670964561984929, 15.092318441652264, 5.650572581037564, 8.065097861214749, 12.146913806023294, 6.9294201886125855, 11.020325375771979, 8.770226123992426, 2.2074735633534983, 5.598833979492909, 5.395774643178527, 12.844642093230897, 14.857758777362836, 11.73906177515494, 12.050083570731092, 17.102727977238764, 9.362543732118631, 7.594843487234279, 8.429617479504458, 10.075499214794315, 8.574464498891768, 5.475294964994173, 3.5017153621721144, 6.830562346755087, 7.375814294523142, 8.93465066418454, 6.292324622992244, 1.6386813552311297, 4.134084879024873, 3.9883457990586386, 3.0059982775527403, 0.0, 2.725346804659044, 2.928697467759281], [14.366009234864517, 13.855652864346595, 7.25659917144909, 12.78118673161504, 6.510734011476893, 7.737698874782289, 10.529578514656246, 8.964795519431666, 10.613472590824788, 9.580205238386908, 3.9139777509482876, 6.573114883110913, 5.4147376032396615, 10.177943430748565, 12.135663055167417, 9.184537840614968, 9.632967715886219, 14.386649685512896, 6.783392236208296, 5.943449193048479, 6.411650748795425, 8.303412822810783, 6.1016168175897425, 3.925645310161791, 2.651352040663093, 6.250421365330413, 5.672761307172306, 7.803484951714221, 3.740007141902585, 4.04784275317197, 2.267739491675715, 4.639485221382186, 5.353878779745959, 2.725346804659044, 0.0, 5.56079061296393], [17.086682886867333, 15.459666967360446, 1.7484654802120325, 17.122409783426548, 7.01325504606124, 10.118760121596194, 13.473008053212443, 4.5507021540317645, 11.144380969103477, 7.743483835309465, 2.4418977897002514, 4.891119979226414, 5.834185175394659, 15.735053426720876, 17.584369172265074, 14.14141048286865, 14.97439449494753, 19.92793278140029, 12.2830339615501, 10.352192803329226, 10.341497248415969, 11.655927991647767, 10.939911466212903, 7.275153326681369, 5.299806317218876, 7.568357133096893, 9.075666625525638, 9.960524730479511, 8.821183939678177, 2.719678619066883, 7.037489498426213, 5.8812529322352205, 3.0895549118486225, 2.928697467759281, 5.56079061296393, 0.0]]
20.0
