1
0
36
9393
[636, 0, 0, 0, 0, 644, 0, 668, 0, 0, 646, 0, 0, 0, 0, 647, 0, 0, 0, 641, 0, 0, 666, 660, 0, 637, 637, 652, 664, 0, 0, 0, 0, 0, 663, 638]
[132, 132, 126, 130, 134, 133, 132, 130, 133, 131, 129, 134, 128, 130, 128, 127, 130, 134, 128, 130, 127, 127, 131, 133, 134, 127, 131, 132, 131, 129, 134, 133, 133, 134, 130, 126]
[[0, 0, 0, 0, 0, 1, 0, 0, 0, 0, 0, 0, 0, 0, 1, 1, 0, 0, 0, 0, 0, 0, 0, 0, 0, 0, 0, 0, 0, 0, 0, 0, 0, 0, 0, 0], [0, 0, 1, 1, 0, 0, 0, 0, 1, 0, 0, 0, 0, 0, 0, 0, 0, 0, 0, 0, 0, 0, 0, 0, 0, 0, 0, 0, 0, 0, 0, 0, 0, 0, 0, 0], [0, 1, 0, 1, 0, 0, 0, 0, 0, 0, 0, 0, 0, 0, 0, 0, 0, 0, 0, 0, 0, 0, 0, 0, 0, 0, 0, 0, 0, 0, 0, 0, 0, 0, 0, 0], [0, 1, 1, 0, 0, 0, 0, 0, 0, 0, 0, 0, 0, 0, 0, 0, 0, 0, 0, 0, 0, 0, 0, 0, 1, 0, 0, 0, 0, 0, 0, 0, 1, 1, 0, 0], [0, 0, 0, 0, 0, 1, 0, 0, 0, 0, 0, 0, 0, 0, 0, 0, 0, 0, 0, 1, 1, 0, 0, 0, 0, 0, 0, 0, 0, 0, 0, 0, 0, 0, 0, 0], [1, 0, 0, 0, 1, 0, 0, 0, 0, 0, 0, 0, 0, 0, 1, 0, 0, 0, 0, 0, 1, 0, 0, 0, 0, 0, 0, 0, 0, 0, 0, 0, 0, 0, 0, 0], [0, 0, 0, 0, 0, 0, 0, 1, 1, 0, 0, 0, 0, 0, 0, 0, 0, 0, 0, 0, 0, 0, 1, 0, 0, 0, 0, 0, 0, 0, 0, 0, 1, 0, 0, 0], [0, 0, 0, 0, 0, 0, 1, 0, 1, 0, 0, 0, 0, 0, 0, 0, 0, 0, 0, 0, 0, 0, 0, 0, 0, 0, 0, 0, 0, 0, 0, 0, 0, 0, 0, 0], [0, 1, 0, 0, 0, 0, 1, 1, 0, 0, 0, 0, 0, 0, 0, 0, 0, 0, 0, 0, 0, 0, 0, 0, 0, 0, 0, 0, 0, 0, 0, 0, 1, 0, 0, 0], [0, 0, 0, 0, 0, 0, 0, 0, 0, 0, 1, 1, 0, 0, 0, 0, 0, 0, 1, 1, 0, 0, 1, 0, 0, 0, 0, 0, 0, 0, 0, 0, 0, 0, 0, 0], [0, 0, 0, 0, 0, 0, 0, 0, 0, 1, 0, 1, 0, 0, 0, 0, 0, 0, 0, 0, 0, 0, 1, 0, 0, 0, 0, 0, 0, 0, 0, 0, 0, 0, 0, 0], [0, 0, 0, 0, 0, 0, 0, 0, 0, 1, 1, 0, 1, 0, 0, 0, 0, 0, 0, 0, 0, 0, 0, 0, 0, 0, 0, 0, 0, 0, 0, 0, 0, 0, 0, 0], [0, 0, 0, 0, 0, 0, 0, 0, 0, 0, 0, 1, 0, 0, 0, 0, 0, 0, 0, 1, 0, 0, 0, 0, 0, 0, 0, 0, 0, 0, 0, 0, 0, 0, 0, 0], [0, 0, 0, 0, 0, 0, 0, 0, 0, 0, 0, 0, 0, 0, 1, 1, 1, 0, 0, 0, 0, 1, 0, 0, 0, 0, 0, 0, 1, 0, 0, 0, 0, 0, 0, 0], [1, 0, 0, 0, 0, 1, 0, 0, 0, 0, 0, 0, 0, 1, 0, 1, 0, 0, 0, 0, 1, 1, 0, 0, 0, 0, 0, 0, 0, 0, 0, 0, 0, 0, 0, 0], [1, 0, 0, 0, 0, 0, 0, 0, 0, 0, 0, 0, 0, 1, 1, 0, 1, 0, 0, 0, 0, 0, 0, 0, 0, 0, 0, 0, 0, 0, 0, 0, 0, 0, 0, 0], [0, 0, 0, 0, 0, 0, 0, 0, 0, 0, 0, 0, 0, 1, 0, 1, 0, 0, 0, 0, 0, 0, 0, 0, 0, 0, 1, 0, 1, 0, 0, 0, 0, 0, 0, 0], [0, 0, 0, 0, 0, 0, 0, 0, 0, 0, 0, 0, 0, 0, 0, 0, 0, 0, 1, 1, 1, 1, 0, 0, 0, 0, 0, 0, 0, 0, 0, 1, 0, 0, 0, 1], [0, 0, 0, 0, 0, 0, 0, 0, 0, 1, 0, 0, 0, 0, 0, 0, 0, 1, 0, 1, 0, 0, 1, 0, 0, 0, 0, 0, 0, 0, 0, 0, 0, 0, 0, 0], [0, 0, 0, 0, 1, 0, 0, 0, 0, 1, 0, 0, 1, 0, 0, 0, 0, 1, 1, 0, 1, 0, 0, 0, 0, 0, 0, 0, 0, 0, 0, 0, 0, 0, 0, 0], [0, 0, 0, 0, 1, 1, 0, 0, 0, 0, 0, 0, 0, 0, 1, 0, 0, 1, 0, 1, 0, 1, 0, 0, 0, 0, 0, 0, 0, 0, 0, 0, 0, 0, 0, 0], [0, 0, 0, 0, 0, 0, 0, 0, 0, 0, 0, 0, 0, 1, 1, 0, 0, 1, 0, 0, 1, 0, 0, 0, 0, 0, 0, 0, 1, 0, 0, 0, 0, 0, 0, 1], [0, 0, 0, 0, 0, 0, 1, 0, 0, 1, 1, 0, 0, 0, 0, 0, 0, 0, 1, 0, 0, 0, 0, 0, 0, 0, 0, 0, 0, 0, 0, 1, 1, 0, 0, 0], [0, 0, 0, 0, 0, 0, 0, 0, 0, 0, 0, 0, 0, 0, 0, 0, 0, 0, 0, 0, 0, 0, 0, 0, 0, 1, 1, 0, 0, 0, 0, 0, 0, 0, 0, 0], [0, 0, 0, 1, 0, 0, 0, 0, 0, 0, 0, 0, 0, 0, 0, 0, 0, 0, 0, 0, 0, 0, 0, 0, 0, 1, 0, 0, 0, 0, 0, 0, 0, 1, 0, 0], [0, 0, 0, 0, 0, 0, 0, 0, 0, 0, 0, 0, 0, 0, 0, 0, 0, 0, 0, 0, 0, 0, 0, 1, 1, 0, 1, 0, 0, 1, 0, 0, 0, 1, 0, 0], [0, 0, 0, 0, 0, 0, 0, 0, 0, 0, 0, 0, 0, 0, 0, 0, 1, 0, 0, 0, 0, 0, 0, 1, 0, 1, 0, 0, 0, 1, 0, 0, 0, 0, 0, 0], [0, 0, 0, 0, 0, 0, 0, 0, 0, 0, 0, 0, 0, 0, 0, 0, 0, 0, 0, 0, 0, 0, 0, 0, 0, 0, 0, 0, 1, 1, 0, 0, 0, 0, 1, 1], [0, 0, 0, 0, 0, 0, 0, 0, 0, 0, 0, 0, 0, 1, 0, 0, 1, 0, 0, 0, 0, 1, 0, 0, 0, 0, 0, 1, 0, 1, 0, 0, 0, 0, 0, 0], [0, 0, 0, 0, 0, 0, 0, 0, 0, 0, 0, 0, 0, 0, 0, 0, 0, 0, 0, 0, 0, 0, 0, 0, 0, 1, 1, 1, 1, 0, 0, 0, 0, 1, 0, 0], [0, 0, 0, 0, 0, 0, 0, 0, 0, 0, 0, 0, 0, 0, 0, 0, 0, 0, 0, 0, 0, 0, 0, 0, 0, 0, 0, 0, 0, 0, 0, 1, 1, 1, 1, 0], [0, 0, 0, 0, 0, 0, 0, 0, 0, 0, 0, 0, 0, 0, 0, 0, 0, 1, 0, 0, 0, 0, 1, 0, 0, 0, 0, 0, 0, 0, 1, 0, 1, 0, 0, 1], [0, 0, 0, 1, 0, 0, 1, 0, 1, 0, 0, 0, 0, 0, 0, 0, 0, 0, 0, 0, 0, 0, 1, 0, 0, 0, 0, 0, 0, 0, 1, 1, 0, 1, 0, 0], [0, 0, 0, 1, 0, 0, 0, 0, 0, 0, 0, 0, 0, 0, 0, 0, 0, 0, 0, 0, 0, 0, 0, 0, 1, 1, 0, 0, 0, 1, 1, 0, 1, 0, 1, 0], [0, 0, 0, 0, 0, 0, 0, 0, 0, 0, 0, 0, 0, 0, 0, 0, 0, 0, 0, 0, 0, 0, 0, 0, 0, 0, 0, 1, 0, 0, 1, 0, 0, 1, 0, 1], [0, 0, 0, 0, 0, 0, 0, 0, 0, 0, 0, 0, 0, 0, 0, 0, 0, 1, 0, 0, 0, 1, 0, 0, 0, 0, 0, 1, 0, 0, 0, 1, 0, 0, 1, 0]]
[222, 97, 167, 242, 373, 301, 245, 409, 59, 261, 327, 292, 342, 137, 120, 138, 446, 364, 243, 89, 137, 224, 138, 387, 215, 75, 383, 122, 315, 454, 165, 293, 247, 385, 481, 498]
0.03
[[0.0, 21.644060645200106, 22.759677078048803, 19.168325685788545, 7.6976390636874505, 3.0167794516628343, 18.62448392814264, 20.545092255924345, 20.50994610129923, 14.623519903314454, 17.460429911967466, 16.81443671553563, 16.435103748023398, 6.595520338753688, 3.7864071116345377, 4.86901886431509, 8.6251817735627, 9.991682856207007, 12.4814968767748, 11.183221019564494, 6.230773911535807, 7.300720044432765, 15.968673116160666, 15.807439744637547, 17.965359561692754, 15.904080546479639, 12.60112613285452, 10.96607160095826, 9.003987211652857, 11.89712400101251, 13.625299488209878, 12.778979526492902, 16.77984056193126, 15.215008378366706, 12.188421929010335, 9.619391942767573], [21.644060645200106, 0.0, 1.7084859692088856, 4.440296668742275, 18.95129950348903, 21.591097811275382, 5.292909620918705, 4.257212619587362, 1.505552562244316, 13.123044343567269, 11.53009310814316, 14.380446651840861, 16.337430520135186, 15.679402461192154, 17.912448221952705, 18.495236863730806, 16.9321177896909, 12.681877444266998, 11.82284634411199, 15.551485752711123, 17.54605455741913, 14.363591276002612, 8.519312848136856, 14.843741584999094, 7.711653439945492, 11.053558990801884, 15.354515574698915, 11.26434497049822, 13.717492829699346, 11.967605990249622, 8.02110424156289, 9.209511552164853, 4.918179944322622, 7.978369738867786, 9.68542669241491, 12.05621469421288], [22.759677078048803, 1.7084859692088856, 0.0, 4.413590618502399, 20.442982436861097, 22.87177767549366, 7.000833545319068, 5.9017268208775455, 3.1989543188819174, 14.810197660818634, 13.237017884747164, 16.08893255214186, 18.044914153942045, 16.607318760258085, 19.075745166326982, 19.366868136753183, 17.516935106663162, 14.10611785713889, 13.411505351188415, 17.154409724463203, 18.936922999126143, 15.534750645537512, 10.197743462497472, 14.70844177050697, 7.5140922490317585, 11.005963829152211, 15.573790671436162, 12.112681134117032, 14.518156657386331, 12.498090379432501, 9.171821670586716, 10.592891178221976, 6.269547050870306, 8.432853594605245, 10.636987291221446, 13.257046757750262], [19.168325685788545, 4.440296668742275, 4.413590618502399, 0.0, 18.047556948746564, 19.68164393475484, 7.493068850700861, 7.5553122357360065, 4.710309955783623, 14.02673759091661, 13.361073041341896, 15.90707328512427, 17.65427825741287, 12.751363908055383, 15.643573243394172, 15.387056772744431, 13.240706540768336, 11.638724553682353, 11.804967476952308, 15.467166251688097, 16.17130979355618, 12.206047606970643, 9.621833491128736, 10.420162080874134, 3.2729355011110144, 6.653412427615068, 11.160262313080766, 8.237004409432862, 10.506801809735224, 8.222899912384623, 6.184527619539166, 8.214480253701579, 4.595350831320543, 4.181923821377688, 7.025005845811116, 10.094314186482759], [7.6976390636874505, 18.95129950348903, 20.442982436861097, 18.047556948746564, 0.0, 5.137606559263665, 14.534033553099508, 16.475078677126778, 17.537282856489906, 8.144113537100004, 11.213410310493778, 9.788567875685745, 9.006009016149978, 9.305874811050494, 6.058137454089947, 10.067278048061372, 13.072576357931586, 6.424547789313692, 7.382377809129538, 4.357321196472521, 2.5466874931154826, 7.065527253306977, 11.213378691587392, 19.06561194712638, 18.197201299160323, 17.560646657123144, 16.252265897229552, 11.405842732584919, 10.959744808642558, 13.548615962845304, 11.867430661839252, 9.937949195729722, 14.20330536936321, 15.113799990591907, 11.598874934969452, 8.32423546920653], [3.0167794516628343, 21.591097811275382, 22.87177767549366, 19.68164393475484, 5.137606559263665, 0.0, 17.952869851837754, 19.915435806721902, 20.326948851577782, 12.833447682645762, 15.825218098247893, 14.769012329404907, 14.125326187909044, 7.982780525834956, 4.237916258992906, 7.17836149146868, 10.867228596666436, 9.156347692781958, 11.215507642622487, 9.148637859429993, 4.503769832293154, 7.477028418642845, 14.962171793986322, 17.834830218872714, 18.961042470336334, 17.37303924034948, 14.692550656089113, 11.789083504789826, 10.29847298450068, 13.235523013236369, 13.729675550105247, 12.420256328382903, 16.673189045284634, 16.01462163433182, 12.678220396501485, 9.648293789376254], [18.62448392814264, 5.292909620918705, 7.000833545319068, 7.493068850700861, 14.534033553099508, 17.952869851837754, 0.0, 1.9664787137546602, 3.8157339797103815, 7.9147871748205505, 6.264857617972606, 9.091107111973805, 11.04468632824046, 13.634395780664002, 14.847245608889203, 16.487971306025283, 16.009887446102944, 8.799597633998905, 7.158625169410133, 10.714246673342348, 13.582325311401402, 11.46915810636748, 3.4360608249256575, 16.284363204624665, 10.173098849772332, 12.611655039482734, 15.71726730471441, 9.968348661267276, 12.301592680028415, 11.681812318532655, 6.176781412408212, 5.935540669145553, 3.656297853826807, 8.669187954383201, 8.267534767145536, 9.24511292645401], [20.545092255924345, 4.257212619587362, 5.9017268208775455, 7.5553122357360065, 16.475078677126778, 19.915435806721902, 1.9664787137546602, 0.0, 3.042690227878727, 9.585895549886871, 7.528778811182251, 10.434638144742015, 12.444804751623497, 15.389928059669659, 16.762500295400383, 18.256628401150447, 17.550314188549763, 10.760225817177682, 9.093385295068737, 12.585408805362379, 15.548795292309538, 13.346547234140616, 5.303352925748123, 17.167324141297268, 10.582516818054751, 13.398477165469844, 16.921323574902363, 11.512364057607089, 13.913607751798676, 13.003019906173114, 7.7326796988804976, 7.800541036134186, 4.762524660964357, 9.613158069721958, 9.797050398688754, 11.088915205677498], [20.50994610129923, 1.505552562244316, 3.1989543188819174, 4.710309955783623, 17.537282856489906, 20.326948851577782, 3.8157339797103815, 3.042690227878727, 0.0, 11.618070776525002, 10.074068868623959, 12.906378803911327, 14.852580340586881, 14.726269921793232, 16.750474163864652, 17.574872262569222, 16.268782309278983, 11.328777083353895, 10.3545090766572, 14.072151619024378, 16.20585223154722, 13.21028400994291, 7.013881247629213, 14.833681318834179, 7.905313558832792, 11.022293321952878, 15.026251568768727, 10.423428009139766, 12.890997379740003, 11.403968579950831, 6.953243397976948, 7.909168555846356, 3.733737273847452, 7.577840164091404, 8.774395760334613, 10.892183432478111], [14.623519903314454, 13.123044343567269, 14.810197660818634, 14.02673759091661, 8.144113537100004, 12.833447682645762, 7.9147871748205505, 9.585895549886871, 11.618070776525002, 0.0, 3.071987489571794, 2.623837832952661, 3.751013370898726, 12.403017978733606, 11.397527813268686, 14.664126394652131, 16.045423324620277, 5.813889093556162, 3.189606141651547, 3.787121129274178, 8.452211137906048, 9.366865023858981, 4.620861186762805, 19.502493952281004, 15.606547432073793, 16.61837374076999, 17.64840100308313, 11.250829969996067, 12.514459418262927, 13.722579832513395, 9.003610131729594, 6.801360484521362, 9.442458480825977, 12.920423721152362, 10.23465551560872, 8.368329715139275], [17.460429911967466, 11.53009310814316, 13.237017884747164, 13.361073041341896, 11.213410310493778, 15.825218098247893, 6.264857617972606, 7.528778811182251, 10.074068868623959, 3.071987489571794, 0.0, 2.911528717499097, 4.9366623483985315, 14.518403761703784, 14.060037965658495, 17.01134352543399, 17.904413639984185, 8.00232394594534, 5.19882129742661, 6.856180876052605, 11.382837938386078, 11.590772133484984, 3.9048010624125262, 20.382416006304584, 15.501775150655869, 17.131523124564563, 18.942885505333926, 12.509801665882687, 14.196027935760997, 14.852517606857425, 9.500449799154515, 7.672509277587753, 8.857588288383647, 13.202277120761549, 11.17763837243429, 10.125907852928306], [16.81443671553563, 14.380446651840861, 16.08893255214186, 15.90707328512427, 9.788567875685745, 14.769012329404907, 9.091107111973805, 10.434638144742015, 12.906378803911327, 2.623837832952661, 2.911528717499097, 0.0, 2.0320469027639207, 14.997419439583364, 13.781622579123235, 17.1907204443029, 18.6641181531273, 8.42612701797883, 5.803072313142452, 5.648051341442816, 10.584472976402497, 11.952201009205579, 6.2853064137842205, 22.027948157955734, 17.77890314720639, 19.033904792187627, 20.24628191944569, 13.828966260410303, 15.137409609030037, 16.2864063115667, 11.363297399598283, 9.249426159043617, 11.325631446869144, 15.237210565257904, 12.740937835095872, 10.990325929129964], [16.435103748023398, 16.337430520135186, 18.044914153942045, 17.65427825741287, 9.006009016149978, 14.125326187909044, 11.04468632824046, 12.444804751623497, 14.852580340586881, 3.751013370898726, 4.9366623483985315, 2.0320469027639207, 0.0, 15.441122881745732, 13.731588657822051, 17.388897062888812, 19.234501352755423, 9.074950938604553, 6.785077570072305, 5.386747293738398, 10.26195351665324, 12.398261783584985, 8.06988619634622, 23.152919142497094, 19.343825662000988, 20.34925330032961, 21.160059625836325, 14.841617958990316, 15.883702345907096, 17.33084768302584, 12.75317556796397, 10.536820386756316, 13.058970389044209, 16.671250171546752, 13.925610065983047, 11.79450711916794], [6.595520338753688, 15.679402461192154, 16.607318760258085, 12.751363908055383, 9.305874811050494, 7.982780525834956, 13.634395780664002, 15.389928059669659, 14.726269921793232, 12.403017978733606, 14.518403761703784, 14.997419439583364, 15.441122881745732, 0.0, 3.8246996070887542, 2.8711352372643866, 3.8929491283038464, 6.603724580801095, 9.385066085918462, 10.266086166259825, 6.76186471184616, 3.0521904698186546, 11.803162755537423, 10.00651673589652, 11.373146141673411, 9.424776214274782, 7.011974934087301, 4.523536180313336, 2.4107022363088517, 5.3333146628385775, 7.803642961502841, 7.783482709599385, 11.04330768534183, 8.688971835840213, 5.9952223576890935, 4.555196032772129], [3.7864071116345377, 17.912448221952705, 19.075745166326982, 15.643573243394172, 6.058137454089947, 4.237916258992906, 14.847245608889203, 16.762500295400383, 16.750474163864652, 11.397527813268686, 14.060037965658495, 13.781622579123235, 13.731588657822051, 3.8246996070887542, 0.0, 4.011374995923547, 7.195853984850334, 6.310913057940108, 8.940516558857459, 8.34509676334848, 3.7136413551734497, 3.548971562407981, 12.269997671947758, 13.812716287482825, 14.755076726696851, 13.147066834934423, 10.756496148133694, 7.597719885247926, 6.073427892833809, 9.003603789144895, 9.910789763841608, 8.992630232511319, 13.026637130666847, 11.850521166758435, 8.619258581168417, 5.8607150722997545], [4.86901886431509, 18.495236863730806, 19.366868136753183, 15.387056772744431, 10.067278048061372, 7.17836149146868, 16.487971306025283, 18.256628401150447, 17.574872262569222, 14.664126394652131, 17.01134352543399, 17.1907204443029, 17.388897062888812, 2.8711352372643866, 4.011374995923547, 0.0, 3.7635824588104736, 9.00961322309148, 11.817593511308745, 12.040377191677669, 7.6981367470337245, 5.431141710163377, 14.532473423270229, 10.94020784370453, 13.698429616462738, 11.274561680570807, 7.732358228248607, 7.255275755288101, 4.8807227911223645, 7.490409417430542, 10.66868476636746, 10.604532357195946, 13.905443111583873, 11.243457124866161, 8.815192336493665, 7.322767734990758], [8.6251817735627, 16.9321177896909, 17.516935106663162, 13.240706540768336, 13.072576357931586, 10.867228596666436, 16.009887446102944, 17.550314188549763, 16.268782309278983, 16.045423324620277, 17.904413639984185, 18.6641181531273, 19.234501352755423, 3.8929491283038464, 7.195853984850334, 3.7635824588104736, 0.0, 10.241072510642198, 12.925477281109599, 14.133482996782028, 10.55184187027343, 6.85582321871265, 14.795930041887702, 7.215201335200855, 10.988233898946795, 8.0763206575607, 4.002799112010284, 6.046140804059273, 3.784549215337297, 5.023209001689354, 9.84194491264749, 10.590032875261109, 12.866028440316922, 9.090079733516934, 7.758290846880306, 7.783009766095264], [9.991682856207007, 12.681877444266998, 14.10611785713889, 11.638724553682353, 6.424547789313692, 9.156347692781958, 8.799597633998905, 10.760225817177682, 11.328777083353895, 5.813889093556162, 8.00232394594534, 8.42612701797883, 9.074950938604553, 6.603724580801095, 6.310913057940108, 9.00961322309148, 10.241072510642198, 0.0, 2.809291832228014, 4.521603118169586, 4.879602582147131, 3.6024802617553187, 5.977017272263552, 14.345248712473666, 12.046632316601675, 12.027285297297336, 12.131510582942742, 6.019400974604165, 6.80884939574967, 8.488843429417978, 5.479153662588938, 3.5290729064581727, 7.8386166229871455, 8.995819054768576, 5.6010834843095605, 2.7767722866531908], [12.4814968767748, 11.82284634411199, 13.411505351188415, 11.804967476952308, 7.382377809129538, 11.215507642622487, 7.158625169410133, 9.093385295068737, 10.3545090766572, 3.189606141651547, 5.19882129742661, 5.803072313142452, 6.785077570072305, 9.385066085918462, 8.940516558857459, 11.817593511308745, 12.925477281109599, 2.809291832228014, 0.0, 3.7516405457828013, 6.717974173695689, 6.409422096197598, 3.847141860250862, 16.36928376657311, 12.937826791344609, 13.616669479780747, 14.46064039354932, 8.078202296158818, 9.342722292190503, 10.559766788989737, 6.178316361593252, 3.8912502376526446, 7.413590661128181, 10.082732436875812, 7.152192783947606, 5.194018177087807], [11.183221019564494, 15.551485752711123, 17.154409724463203, 15.467166251688097, 4.357321196472521, 9.148637859429993, 10.714246673342348, 12.585408805362379, 14.072151619024378, 3.787121129274178, 6.856180876052605, 5.648051341442816, 5.386747293738398, 10.266086166259825, 8.34509676334848, 12.040377191677669, 14.133482996782028, 4.521603118169586, 3.7516405457828013, 0.0, 4.954982037495245, 7.290752087108922, 7.287086880616092, 18.831867306425657, 16.329454264622147, 16.536122135513526, 16.485618982687548, 10.53297972439292, 11.061358300085617, 12.986699967057884, 9.576133264438168, 7.326726835489827, 11.151210456424732, 13.344943424918599, 10.068281228378819, 7.256432623071573], [6.230773911535807, 17.54605455741913, 18.936922999126143, 16.17130979355618, 2.5466874931154826, 4.503769832293154, 13.582325311401402, 15.548795292309538, 16.20585223154722, 8.452211137906048, 11.382837938386078, 10.584472976402497, 10.26195351665324, 6.76186471184616, 3.7136413551734497, 7.6981367470337245, 10.55184187027343, 4.879602582147131, 6.717974173695689, 4.954982037495245, 0.0, 4.611488063629345, 10.495990173570135, 16.542548190718612, 16.026950184558586, 15.163116557788376, 13.707843299282313, 9.05829320777495, 8.443101978592269, 11.0987807879805, 10.011452227777884, 8.346661210831405, 12.669871420979504, 12.955119194200991, 9.44414321532311, 6.1654634568213025], [7.300720044432765, 14.363591276002612, 15.534750645537512, 12.206047606970643, 7.065527253306977, 7.477028418642845, 11.46915810636748, 13.346547234140616, 13.21028400994291, 9.366865023858981, 11.590772133484984, 11.952201009205579, 12.398261783584985, 3.0521904698186546, 3.548971562407981, 5.431141710163377, 6.85582321871265, 3.6024802617553187, 6.409422096197598, 7.290752087108922, 4.611488063629345, 0.0, 9.186616618904747, 12.045767474731267, 11.621888191711731, 10.55560896773478, 9.383273733872743, 4.506211364535018, 3.9611825074592724, 6.4908676192412305, 6.365145580740382, 5.5460089839156135, 9.48240203009282, 8.604465052749259, 5.2046282631709015, 2.3186728478869747], [15.968673116160666, 8.519312848136856, 10.197743462497472, 9.621833491128736, 11.213378691587392, 14.962171793986322, 3.4360608249256575, 5.303352925748123, 7.013881247629213, 4.620861186762805, 3.9048010624125262, 6.2853064137842205, 8.06988619634622, 11.803162755537423, 12.269997671947758, 14.532473423270229, 14.795930041887702, 5.977017272263552, 3.847141860250862, 7.287086880616092, 10.495990173570135, 9.186616618904747, 0.0, 16.5980853568941, 11.611418325782385, 13.261652103281913, 15.36827175292294, 9.038130763012322, 11.014202586764712, 11.239281428632047, 5.708275277296049, 4.2158441344622135, 5.044071200359629, 9.310767183403344, 7.547750443380891, 7.248203414027321], [15.807439744637547, 14.843741584999094, 14.70844177050697, 10.420162080874134, 19.06561194712638, 17.834830218872714, 16.284363204624665, 17.167324141297268, 14.833681318834179, 19.502493952281004, 20.382416006304584, 22.027948157955734, 23.152919142497094, 10.00651673589652, 13.812716287482825, 10.94020784370453, 7.215201335200855, 14.345248712473666, 16.36928376657311, 18.831867306425657, 16.542548190718612, 12.045767474731267, 16.5980853568941, 0.0, 7.196840551530581, 3.811641755197176, 3.212914604629679, 8.346968663002741, 8.106669284280814, 5.859002832384567, 10.895284339109418, 12.80266195189868, 12.629419862916656, 7.615888441356163, 9.288601030398672, 11.579004647035473], [17.965359561692754, 7.711653439945492, 7.5140922490317585, 3.2729355011110144, 18.197201299160323, 18.961042470336334, 10.173098849772332, 10.582516818054751, 7.905313558832792, 15.606547432073793, 15.501775150655869, 17.77890314720639, 19.343825662000988, 11.373146141673411, 14.755076726696851, 13.698429616462738, 10.988233898946795, 12.046632316601675, 12.937826791344609, 16.329454264622147, 16.026950184558586, 11.621888191711731, 11.611418325782385, 7.196840551530581, 0.0, 3.525205081713114, 8.308414862352093, 7.17369710682434, 8.97485194015728, 6.211526879114355, 6.77585039195098, 9.06317847708328, 6.723993915055015, 3.0834013545679086, 6.6007221584716484, 9.885860515262078], [15.904080546479639, 11.053558990801884, 11.005963829152211, 6.653412427615068, 17.560646657123144, 17.37303924034948, 12.611655039482734, 13.398477165469844, 11.022293321952878, 16.61837374076999, 17.131523124564563, 19.033904792187627, 20.34925330032961, 9.424776214274782, 13.147066834934423, 11.274561680570807, 8.0763206575607, 12.027285297297336, 13.616669479780747, 16.536122135513526, 15.163116557788376, 10.55560896773478, 13.261652103281913, 3.811641755197176, 3.525205081713114, 0.0, 4.890791403606772, 6.173256693305721, 7.074945813419382, 4.1502620209437975, 7.6799828974046545, 9.817022893538066, 8.961089816210379, 3.996073932097162, 6.501756258640827, 9.42006987663984], [12.60112613285452, 15.354515574698915, 15.573790671436162, 11.160262313080766, 16.252265897229552, 14.692550656089113, 15.71726730471441, 16.921323574902363, 15.026251568768727, 17.64840100308313, 18.942885505333926, 20.24628191944569, 21.160059625836325, 7.011974934087301, 10.756496148133694, 7.732358228248607, 4.002799112010284, 12.131510582942742, 14.46064039354932, 16.485618982687548, 13.707843299282313, 9.383273733872743, 15.36827175292294, 3.212914604629679, 8.308414862352093, 4.890791403606772, 0.0, 6.447113121669662, 5.445502245867799, 4.132239647703213, 9.762293570640312, 11.273852375602555, 12.17730735542163, 7.448502818622826, 7.820527524141414, 9.372178551147751], [10.96607160095826, 11.26434497049822, 12.112681134117032, 8.237004409432862, 11.405842732584919, 11.789083504789826, 9.968348661267276, 11.512364057607089, 10.423428009139766, 11.250829969996067, 12.509801665882687, 13.828966260410303, 14.841617958990316, 4.523536180313336, 7.597719885247926, 7.255275755288101, 6.046140804059273, 6.019400974604165, 8.078202296158818, 10.53297972439292, 9.05829320777495, 4.506211364535018, 9.038130763012322, 8.346968663002741, 7.17369710682434, 6.173256693305721, 6.447113121669662, 0.0, 2.4675867012035146, 2.4932228712599223, 3.795960641139132, 4.862858313568002, 6.875930017585843, 4.264015923478794, 1.7153367085093674, 3.29417983508404], [9.003987211652857, 13.717492829699346, 14.518156657386331, 10.506801809735224, 10.959744808642558, 10.29847298450068, 12.301592680028415, 13.913607751798676, 12.890997379740003, 12.514459418262927, 14.196027935760997, 15.137409609030037, 15.883702345907096, 2.4107022363088517, 6.073427892833809, 4.8807227911223645, 3.784549215337297, 6.80884939574967, 9.342722292190503, 11.061358300085617, 8.443101978592269, 3.9611825074592724, 11.014202586764712, 8.106669284280814, 8.97485194015728, 7.074945813419382, 5.445502245867799, 2.4675867012035146, 0.0, 2.9429510785170763, 6.18144285536219, 6.805789667935327, 9.327346718034253, 6.3754752726244135, 4.151056851367719, 4.148723306925061], [11.89712400101251, 11.967605990249622, 12.498090379432501, 8.222899912384623, 13.548615962845304, 13.235523013236369, 11.681812318532655, 13.003019906173114, 11.403968579950831, 13.722579832513395, 14.852517606857425, 16.2864063115667, 17.33084768302584, 5.3333146628385775, 9.003603789144895, 7.490409417430542, 5.023209001689354, 8.488843429417978, 10.559766788989737, 12.986699967057884, 11.0987807879805, 6.4908676192412305, 11.239281428632047, 5.859002832384567, 6.211526879114355, 4.1502620209437975, 4.132239647703213, 2.4932228712599223, 2.9429510785170763, 0.0, 5.6404684462562935, 7.181106158987868, 8.241202966330526, 4.0674328939071955, 3.6935879172134705, 5.730277979981558], [13.625299488209878, 8.02110424156289, 9.171821670586716, 6.184527619539166, 11.867430661839252, 13.729675550105247, 6.176781412408212, 7.7326796988804976, 6.953243397976948, 9.003610131729594, 9.500449799154515, 11.363297399598283, 12.75317556796397, 7.803642961502841, 9.910789763841608, 10.66868476636746, 9.84194491264749, 5.479153662588938, 6.178316361593252, 9.576133264438168, 10.011452227777884, 6.365145580740382, 5.708275277296049, 10.895284339109418, 6.77585039195098, 7.6799828974046545, 9.762293570640312, 3.795960641139132, 6.18144285536219, 5.6404684462562935, 0.0, 2.2902679473261447, 3.2418041450840027, 3.92381977192706, 2.0907729791550085, 4.089113244644739], [12.778979526492902, 9.209511552164853, 10.592891178221976, 8.214480253701579, 9.937949195729722, 12.420256328382903, 5.935540669145553, 7.800541036134186, 7.909168555846356, 6.801360484521362, 7.672509277587753, 9.249426159043617, 10.536820386756316, 7.783482709599385, 8.992630232511319, 10.604532357195946, 10.590032875261109, 3.5290729064581727, 3.8912502376526446, 7.326726835489827, 8.346661210831405, 5.5460089839156135, 4.2158441344622135, 12.80266195189868, 9.06317847708328, 9.817022893538066, 11.273852375602555, 4.862858313568002, 6.805789667935327, 7.181106158987868, 2.2902679473261447, 0.0, 4.323871484730388, 6.193413886222529, 3.5252137422456196, 3.3124916341331008], [16.77984056193126, 4.918179944322622, 6.269547050870306, 4.595350831320543, 14.20330536936321, 16.673189045284634, 3.656297853826807, 4.762524660964357, 3.733737273847452, 9.442458480825977, 8.857588288383647, 11.325631446869144, 13.058970389044209, 11.04330768534183, 13.026637130666847, 13.905443111583873, 12.866028440316922, 7.8386166229871455, 7.413590661128181, 11.151210456424732, 12.669871420979504, 9.48240203009282, 5.044071200359629, 12.629419862916656, 6.723993915055015, 8.961089816210379, 12.17730735542163, 6.875930017585843, 9.327346718034253, 8.241202966330526, 3.2418041450840027, 4.323871484730388, 0.0, 5.013620416190666, 5.176369004408158, 7.166044716924362], [15.215008378366706, 7.978369738867786, 8.432853594605245, 4.181923821377688, 15.113799990591907, 16.01462163433182, 8.669187954383201, 9.613158069721958, 7.577840164091404, 12.920423721152362, 13.202277120761549, 15.237210565257904, 16.671250171546752, 8.688971835840213, 11.850521166758435, 11.243457124866161, 9.090079733516934, 8.995819054768576, 10.082732436875812, 13.344943424918599, 12.955119194200991, 8.604465052749259, 9.310767183403344, 7.615888441356163, 3.0834013545679086, 3.996073932097162, 7.448502818622826, 4.264015923478794, 6.3754752726244135, 4.0674328939071955, 3.92381977192706, 6.193413886222529, 5.013620416190666, 0.0, 3.518639584824978, 6.805105987273449], [12.188421929010335, 9.68542669241491, 10.636987291221446, 7.025005845811116, 11.598874934969452, 12.678220396501485, 8.267534767145536, 9.797050398688754, 8.774395760334613, 10.23465551560872, 11.17763837243429, 12.740937835095872, 13.925610065983047, 5.9952223576890935, 8.619258581168417, 8.815192336493665, 7.758290846880306, 5.6010834843095605, 7.152192783947606, 10.068281228378819, 9.44414321532311, 5.2046282631709015, 7.547750443380891, 9.288601030398672, 6.6007221584716484, 6.501756258640827, 7.820527524141414, 1.7153367085093674, 4.151056851367719, 3.6935879172134705, 2.0907729791550085, 3.5252137422456196, 5.176369004408158, 3.518639584824978, 0.0, 3.2868224011815155], [9.619391942767573, 12.05621469421288, 13.257046757750262, 10.094314186482759, 8.32423546920653, 9.648293789376254, 9.24511292645401, 11.088915205677498, 10.892183432478111, 8.368329715139275, 10.125907852928306, 10.990325929129964, 11.79450711916794, 4.555196032772129, 5.8607150722997545, 7.322767734990758, 7.783009766095264, 2.7767722866531908, 5.194018177087807, 7.256432623071573, 6.1654634568213025, 2.3186728478869747, 7.248203414027321, 11.579004647035473, 9.885860515262078, 9.42006987663984, 9.372178551147751, 3.29417983508404, 4.148723306925061, 5.730277979981558, 4.089113244644739, 3.3124916341331008, 7.166044716924362, 6.805105987273449, 3.2868224011815155, 0.0]]
20.0
