5
4
36
9733
[0, 0, 0, 0, 677, 661, 0, 0, 674, 0, 0, 0, 0, 0, 694, 663, 692, 656, 0, 0, 683, 0, 673, 0, 664, 669, 0, 0, 0, 0, 0, 0, 687, 656, 694, 0]
[137, 135, 136, 133, 134, 131, 136, 133, 136, 136, 133, 132, 135, 131, 135, 131, 133, 137, 134, 132, 133, 138, 135, 137, 138, 131, 137, 137, 131, 138, 134, 138, 136, 134, 136, 132]
[[0, 0, 0, 0, 0, 0, 0, 0, 0, 0, 0, 0, 0, 0, 0, 0, 1, 0, 1, 0, 0, 0, 1, 1, 0, 0, 0, 0, 0, 0, 0, 0, 0, 0, 0, 0], [0, 0, 1, 1, 0, 0, 0, 0, 0, 0, 0, 1, 0, 0, 0, 0, 0, 0, 0, 0, 0, 0, 0, 0, 0, 0, 1, 0, 0, 0, 0, 0, 0, 0, 0, 0], [0, 1, 0, 0, 0, 0, 0, 0, 0, 1, 1, 1, 0, 0, 0, 0, 0, 0, 0, 0, 0, 0, 0, 0, 0, 0, 0, 0, 0, 0, 0, 0, 0, 0, 0, 0], [0, 1, 0, 0, 0, 1, 0, 0, 0, 0, 0, 0, 0, 0, 0, 0, 0, 0, 0, 0, 0, 0, 0, 0, 1, 0, 1, 0, 0, 0, 0, 0, 0, 0, 0, 0], [0, 0, 0, 0, 0, 1, 1, 0, 0, 0, 0, 0, 0, 0, 0, 0, 0, 0, 0, 0, 0, 0, 0, 1, 0, 0, 0, 0, 0, 0, 0, 0, 0, 0, 0, 0], [0, 0, 0, 1, 1, 0, 0, 0, 0, 0, 0, 0, 0, 0, 0, 0, 0, 0, 0, 0, 0, 0, 0, 1, 1, 0, 0, 0, 0, 0, 0, 0, 0, 0, 0, 0], [0, 0, 0, 0, 1, 0, 0, 0, 0, 0, 0, 0, 0, 0, 0, 0, 0, 0, 0, 0, 0, 0, 0, 1, 0, 0, 0, 0, 0, 0, 0, 0, 0, 0, 0, 0], [0, 0, 0, 0, 0, 0, 0, 0, 0, 1, 0, 0, 1, 0, 0, 0, 0, 0, 0, 0, 1, 0, 0, 0, 0, 0, 0, 0, 0, 0, 0, 0, 0, 0, 0, 0], [0, 0, 0, 0, 0, 0, 0, 0, 0, 1, 1, 1, 1, 0, 0, 0, 0, 0, 0, 0, 1, 0, 0, 0, 0, 0, 0, 1, 0, 0, 0, 0, 0, 0, 0, 0], [0, 0, 1, 0, 0, 0, 0, 1, 1, 0, 1, 0, 1, 0, 0, 0, 0, 0, 0, 0, 0, 0, 0, 0, 0, 0, 0, 0, 0, 0, 0, 0, 0, 0, 0, 0], [0, 0, 1, 0, 0, 0, 0, 0, 1, 1, 0, 1, 0, 0, 0, 0, 0, 0, 0, 0, 0, 0, 0, 0, 0, 0, 0, 0, 0, 0, 0, 0, 0, 0, 0, 0], [0, 1, 1, 0, 0, 0, 0, 0, 1, 0, 1, 0, 0, 0, 0, 0, 0, 0, 0, 0, 0, 0, 0, 0, 0, 0, 1, 1, 0, 0, 0, 0, 0, 0, 0, 0], [0, 0, 0, 0, 0, 0, 0, 1, 1, 1, 0, 0, 0, 0, 0, 0, 0, 0, 0, 0, 1, 0, 0, 0, 0, 0, 0, 0, 0, 0, 0, 0, 0, 0, 0, 0], [0, 0, 0, 0, 0, 0, 0, 0, 0, 0, 0, 0, 0, 0, 1, 1, 0, 0, 0, 0, 0, 0, 0, 0, 0, 0, 0, 0, 0, 0, 0, 0, 0, 0, 0, 0], [0, 0, 0, 0, 0, 0, 0, 0, 0, 0, 0, 0, 0, 1, 0, 1, 0, 0, 0, 1, 0, 0, 0, 0, 0, 0, 0, 0, 0, 1, 0, 0, 0, 0, 0, 0], [0, 0, 0, 0, 0, 0, 0, 0, 0, 0, 0, 0, 0, 1, 1, 0, 1, 0, 1, 1, 0, 0, 0, 0, 0, 0, 0, 0, 0, 0, 0, 0, 0, 0, 0, 0], [1, 0, 0, 0, 0, 0, 0, 0, 0, 0, 0, 0, 0, 0, 0, 1, 0, 0, 1, 0, 0, 0, 0, 1, 0, 0, 0, 0, 0, 0, 0, 0, 0, 0, 0, 0], [0, 0, 0, 0, 0, 0, 0, 0, 0, 0, 0, 0, 0, 0, 0, 0, 0, 0, 0, 1, 0, 0, 1, 0, 0, 1, 0, 0, 0, 1, 1, 0, 0, 0, 0, 0], [1, 0, 0, 0, 0, 0, 0, 0, 0, 0, 0, 0, 0, 0, 0, 1, 1, 0, 0, 1, 0, 0, 1, 0, 0, 0, 0, 0, 0, 0, 0, 0, 0, 0, 0, 0], [0, 0, 0, 0, 0, 0, 0, 0, 0, 0, 0, 0, 0, 0, 1, 1, 0, 1, 1, 0, 0, 0, 0, 0, 0, 0, 0, 0, 0, 1, 0, 0, 0, 0, 0, 0], [0, 0, 0, 0, 0, 0, 0, 1, 1, 0, 0, 0, 1, 0, 0, 0, 0, 0, 0, 0, 0, 0, 0, 0, 0, 0, 0, 1, 1, 0, 1, 0, 0, 1, 0, 0], [0, 0, 0, 0, 0, 0, 0, 0, 0, 0, 0, 0, 0, 0, 0, 0, 0, 0, 0, 0, 0, 0, 1, 1, 1, 1, 0, 0, 0, 0, 0, 0, 0, 0, 0, 0], [1, 0, 0, 0, 0, 0, 0, 0, 0, 0, 0, 0, 0, 0, 0, 0, 0, 1, 1, 0, 0, 1, 0, 1, 0, 1, 0, 0, 0, 0, 0, 0, 0, 0, 0, 0], [1, 0, 0, 0, 1, 1, 1, 0, 0, 0, 0, 0, 0, 0, 0, 0, 1, 0, 0, 0, 0, 1, 1, 0, 1, 0, 0, 0, 0, 0, 0, 0, 0, 0, 0, 0], [0, 0, 0, 1, 0, 1, 0, 0, 0, 0, 0, 0, 0, 0, 0, 0, 0, 0, 0, 0, 0, 1, 0, 1, 0, 0, 1, 0, 0, 0, 0, 0, 0, 0, 0, 0], [0, 0, 0, 0, 0, 0, 0, 0, 0, 0, 0, 0, 0, 0, 0, 0, 0, 1, 0, 0, 0, 1, 1, 0, 0, 0, 0, 1, 0, 0, 1, 0, 0, 0, 0, 0], [0, 1, 0, 1, 0, 0, 0, 0, 0, 0, 0, 1, 0, 0, 0, 0, 0, 0, 0, 0, 0, 0, 0, 0, 1, 0, 0, 1, 0, 0, 0, 0, 0, 0, 0, 0], [0, 0, 0, 0, 0, 0, 0, 0, 1, 0, 0, 1, 0, 0, 0, 0, 0, 0, 0, 0, 1, 0, 0, 0, 0, 1, 1, 0, 0, 0, 1, 0, 0, 0, 0, 0], [0, 0, 0, 0, 0, 0, 0, 0, 0, 0, 0, 0, 0, 0, 0, 0, 0, 0, 0, 0, 1, 0, 0, 0, 0, 0, 0, 0, 0, 0, 1, 0, 0, 1, 1, 0], [0, 0, 0, 0, 0, 0, 0, 0, 0, 0, 0, 0, 0, 0, 1, 0, 0, 1, 0, 1, 0, 0, 0, 0, 0, 0, 0, 0, 0, 0, 1, 0, 0, 0, 1, 1], [0, 0, 0, 0, 0, 0, 0, 0, 0, 0, 0, 0, 0, 0, 0, 0, 0, 1, 0, 0, 1, 0, 0, 0, 0, 1, 0, 1, 1, 1, 0, 0, 0, 0, 1, 0], [0, 0, 0, 0, 0, 0, 0, 0, 0, 0, 0, 0, 0, 0, 0, 0, 0, 0, 0, 0, 0, 0, 0, 0, 0, 0, 0, 0, 0, 0, 0, 0, 1, 1, 1, 1], [0, 0, 0, 0, 0, 0, 0, 0, 0, 0, 0, 0, 0, 0, 0, 0, 0, 0, 0, 0, 0, 0, 0, 0, 0, 0, 0, 0, 0, 0, 0, 1, 0, 1, 0, 1], [0, 0, 0, 0, 0, 0, 0, 0, 0, 0, 0, 0, 0, 0, 0, 0, 0, 0, 0, 0, 1, 0, 0, 0, 0, 0, 0, 0, 1, 0, 0, 1, 1, 0, 1, 0], [0, 0, 0, 0, 0, 0, 0, 0, 0, 0, 0, 0, 0, 0, 0, 0, 0, 0, 0, 0, 0, 0, 0, 0, 0, 0, 0, 0, 1, 1, 1, 1, 0, 1, 0, 1], [0, 0, 0, 0, 0, 0, 0, 0, 0, 0, 0, 0, 0, 0, 0, 0, 0, 0, 0, 0, 0, 0, 0, 0, 0, 0, 0, 0, 0, 1, 0, 1, 1, 0, 1, 0]]
[203, 308, 341, 94, 115, 160, 488, 219, 62, 417, 382, 121, 90, 389, 82, 93, 346, 353, 472, 85, 290, 200, 452, 326, 240, 197, 477, 265, 406, 394, 377, 414, 140, 343, 284, 108]
0.03
[[0.0, 11.353306131031784, 14.61202873584792, 8.902043764517629, 6.1994511856805445, 7.759496109475695, 4.785926713161803, 16.0462070506714, 10.945149199585511, 14.635933247316332, 12.895793700316007, 11.108307245578343, 12.99699826267431, 9.127985007056333, 8.369246770791602, 4.899040012619924, 2.436407113234659, 7.054523226735221, 2.7487560440942684, 6.229472697858152, 12.988956220335847, 4.766185646756523, 3.2416146602724454, 2.9657095194034144, 5.688889346883652, 5.936546235749376, 8.338744054962566, 8.680738878693768, 11.86855698453145, 10.861652231850702, 8.593389674271132, 15.08037231764115, 17.371649644554765, 15.736433576290041, 12.75001100487009, 14.282603627877092], [11.353306131031784, 0.0, 4.185964424284174, 3.71497914972342, 9.71764532191116, 8.126054054100155, 11.160330453256678, 8.492890019740932, 5.795421495014527, 5.918466196995294, 4.06344028830474, 2.299528006384528, 7.769223300991856, 19.96129613872763, 18.183676532029615, 15.866001148870073, 13.703031666323868, 12.932986452103659, 11.872758442782573, 14.472064934936869, 10.094950360254394, 7.080829860338027, 9.467761761117712, 9.221048017237264, 5.690427033844612, 8.085274981504302, 3.26081772133679, 6.203705658547826, 12.460449311457483, 17.394734750912416, 11.69667057669792, 16.971166189011875, 19.02974138730228, 14.841464414793034, 15.315724238625663, 18.24637880970206], [14.61202873584792, 4.185964424284174, 0.0, 7.89642446561994, 13.839264723159879, 12.310338233295454, 15.150908463808575, 5.176940553649234, 5.450606069100464, 2.6297269905767675, 2.2638999315265536, 3.503725030036473, 6.116324536492339, 22.53390974991625, 20.341014164318505, 18.67433150396051, 17.039936979839165, 14.393737159809572, 14.508325817264215, 16.42007798637718, 8.829647245654547, 9.925638602895955, 12.129993307229588, 12.918813341546175, 9.25924414239046, 10.016101125432321, 6.3298268918841, 7.218426152618773, 12.098065282425628, 18.410314479826546, 12.502136121104787, 16.347075180743, 18.095744801168383, 13.427245066248124, 15.173766386001343, 18.24431847958971], [8.902043764517629, 3.71497914972342, 7.89642446561994, 0.0, 6.062983287199663, 4.4147749515453585, 7.67636564972845, 11.814539751620876, 7.982465205336665, 9.384925254843367, 7.404861623007682, 5.239069034647812, 10.341145157237232, 17.96042821407621, 16.676808708103735, 13.739037974919253, 11.02852936046195, 12.444563084052671, 10.179563310989831, 13.366261507020136, 12.165560697748468, 5.794338515283011, 7.995604349930042, 6.268237830977299, 3.5453204353541428, 7.7336987256819585, 3.52289794282194, 7.2546623339221705, 13.652629334218444, 17.059228196012587, 11.957674100441345, 18.097677642577366, 20.324965088164852, 16.68425287017188, 16.128449651496762, 18.793453172521268], [6.1994511856805445, 9.71764532191116, 13.839264723159879, 6.062983287199663, 0.0, 2.223774933195983, 2.11919299832569, 17.12274416484203, 12.471947735670168, 14.958021244202705, 12.957991028960897, 10.763138430698726, 14.90185395186732, 14.727865561492408, 14.481539901380886, 10.687875909614776, 7.199728013203378, 12.633757077459776, 8.737470120226027, 12.335919230618847, 15.964916493430557, 7.07296170848919, 7.758958141703289, 3.5682523211985147, 5.502225517719001, 9.412693934006722, 8.132650730821034, 10.804241941241033, 16.151780946900747, 16.86390389180837, 13.394904981344556, 20.081840028409047, 22.41163061472539, 19.798677137070662, 17.818808812024898, 19.84768634710424], [7.759496109475695, 8.126054054100155, 12.310338233295454, 4.4147749515453585, 2.223774933195983, 0.0, 4.3191543794077205, 16.057618978834938, 11.755425926159424, 13.721889015530305, 11.722434817673813, 9.521907230267422, 14.193986559419848, 16.64125330780979, 16.12862562022649, 12.504561625931418, 9.141342476508008, 13.515754435006961, 10.018171967640754, 13.602977589026334, 15.601490929607017, 7.271721442131159, 8.572143349196452, 4.830881841276585, 5.174423555302805, 9.652180757268088, 7.2037289353609815, 10.420380048255458, 16.30107570802389, 17.95222668163716, 13.870746184089501, 20.47261358965609, 22.786881482143983, 19.758579753913175, 18.28779403538998, 20.562883225108777], [4.785926713161803, 11.160330453256678, 15.150908463808575, 7.67636564972845, 2.11919299832569, 4.3191543794077205, 0.0, 17.95596787156022, 13.067541286548588, 15.981482118402507, 14.015084800585425, 11.875945404269954, 15.434929792514374, 12.768441503906352, 12.758377090146046, 8.8423624104293, 5.280371777479328, 11.690506720566633, 7.506059935655773, 11.012527829421677, 16.154713619345856, 7.0884441929003685, 7.091078720070513, 3.0013306485625755, 6.171143475411, 9.227295595373056, 9.079673721426381, 11.147146228073805, 15.849939368955035, 15.646487645940198, 12.834553323148208, 19.49440466356448, 21.816329026503762, 19.62536008949743, 17.18410362533243, 18.95376945067165], [16.0462070506714, 8.492890019740932, 5.176940553649234, 11.814539751620876, 17.12274416484203, 16.057618978834938, 17.95596787156022, 0.0, 5.101687856966749, 2.6462722383070836, 4.447779422109677, 6.575578638765846, 3.405828158127434, 22.422121534521917, 19.750428015001418, 19.116394081203758, 18.423857777250582, 13.381405472531176, 15.033475035079853, 15.826920797490594, 5.459501687808481, 11.383866162838912, 12.981996090339354, 15.234696438077806, 11.789210138527418, 10.329979460678285, 8.990120135651143, 7.3813817068812115, 9.179879044056126, 16.47743061332997, 10.935953556656445, 12.713720804354061, 14.066004298551208, 9.20775344796198, 12.151243857469213, 15.150882535362333], [10.945149199585511, 5.795421495014527, 5.450606069100464, 7.982465205336665, 12.471947735670168, 11.755425926159424, 13.067541286548588, 5.101687856966749, 0.0, 4.094535807016386, 3.188017449632997, 3.5242081131495904, 2.4425468852219767, 17.73664355653915, 15.283523904698882, 14.198956096756449, 13.328969535923374, 9.104887234557102, 10.052647827802529, 11.321170652779443, 4.320850519684456, 6.298929886055526, 7.911507755143119, 10.24261737995532, 6.98829538807789, 5.322594317051407, 4.579553595851618, 2.310470950030599, 6.87910677788569, 12.970781323829794, 7.0676469653205825, 11.322903552565851, 13.297117103443433, 9.048857462794166, 9.890608367057, 12.93164281366934], [14.635933247316332, 5.918466196995294, 2.6297269905767675, 9.384925254843367, 14.958021244202705, 13.721889015530305, 15.981482118402507, 2.6462722383070836, 4.094535807016386, 0.0, 2.0046027596520726, 4.209958450095699, 3.8263612163868386, 21.820078136095358, 19.37576822897361, 18.210948886245895, 17.0639188074541, 13.157108965203522, 14.037822601155296, 15.412910140002053, 6.509831339591909, 9.872802579760666, 11.790960038200394, 13.429668839351983, 9.837448125423453, 9.331189407273982, 6.902430222871206, 6.317283994668983, 10.015149903183685, 16.8109152206197, 10.976447004818596, 14.064122329607445, 15.693489882630645, 10.94329038544971, 13.098039717183147, 16.170031164675553], [12.895793700316007, 4.06344028830474, 2.2638999315265536, 7.404861623007682, 12.957991028960897, 11.722434817673813, 14.015084800585425, 4.447779422109677, 3.188017449632997, 2.0046027596520726, 0.0, 2.205507485642603, 4.17503279569462, 20.475290336204722, 18.19244150895123, 16.713608304497654, 15.331891827260048, 12.167231188634068, 12.531162189094923, 14.251710934375541, 6.821275364874982, 8.136609025895359, 10.203103879305894, 11.523612578117602, 7.89832497451864, 7.924066756062501, 4.939743096589782, 5.027621699438169, 9.916616440327159, 16.147388352912568, 10.2396308565489, 14.244816217906475, 16.079853268456954, 11.531941929796385, 12.977138396091965, 16.039929196201086], [11.108307245578343, 2.299528006384528, 3.503725030036473, 5.239069034647812, 10.763138430698726, 9.521907230267422, 11.875945404269954, 6.575578638765846, 3.5242081131495904, 4.209958450095699, 2.205507485642603, 0.0, 5.483680424068706, 19.16057049865165, 17.10208784888449, 15.230632276723542, 13.536511060544942, 11.426858945545154, 11.087566226039023, 13.24414483492646, 7.801931799064416, 6.43646658747545, 8.687433019319293, 9.4892411351501, 5.83117928420436, 6.769308483949319, 2.864733199153145, 4.334421218352603, 10.305645388568431, 15.720369985775699, 9.883057873816627, 14.794635470050741, 16.808262263499277, 12.554951556178885, 13.236164241446625, 16.222119291119125], [12.99699826267431, 7.769223300991856, 6.116324536492339, 10.341145157237232, 14.90185395186732, 14.193986559419848, 15.434929792514374, 3.405828158127434, 2.4425468852219767, 3.8263612163868386, 4.17503279569462, 5.483680424068706, 0.0, 19.024989268605708, 16.344938643031252, 15.787729048164755, 15.314690432331691, 9.97880767629769, 11.760752313080225, 12.42185435948442, 2.7169984410377332, 8.520401021560506, 9.834870382163004, 12.559206089049725, 9.407789251038576, 7.129497231768036, 7.004409748052393, 4.369547847807664, 6.203665869229158, 13.224632635189133, 7.563132587565143, 10.26379209121056, 11.97966241460799, 7.36128333435795, 9.280395612013958, 12.349155725581657], [9.127985007056333, 19.96129613872763, 22.53390974991625, 17.96042821407621, 14.727865561492408, 16.64125330780979, 12.768441503906352, 22.422121534521917, 17.73664355653915, 21.820078136095358, 20.475290336204722, 19.16057049865165, 19.024989268605708, 0.0, 3.1427026109331493, 4.231612023729308, 7.528598505600697, 9.216397625661985, 8.10255028505132, 6.65458488934124, 17.76372851746005, 12.8868363055918, 10.518740455362115, 12.040379974319553, 14.555733536142364, 12.551637947123355, 16.733359315289498, 15.517573374784225, 14.859678837878757, 8.73348341453363, 11.831806005933718, 15.545760913145765, 17.24922738710306, 18.17830824476364, 13.667930336410105, 13.147020640291167], [8.369246770791602, 18.183676532029615, 20.341014164318505, 16.676808708103735, 14.481539901380886, 16.12862562022649, 12.758377090146046, 19.750428015001418, 15.283523904698882, 19.37576822897361, 18.19244150895123, 17.10208784888449, 16.344938643031252, 3.1427026109331493, 0.0, 4.052255210789849, 7.580905698653824, 6.3817485227672694, 6.497271978338259, 3.96300289530927, 14.882232438221221, 11.163025294632877, 8.783962192206515, 11.315812686551066, 13.148774297359278, 10.343897521122045, 14.922932399948866, 13.168640148806881, 11.82185123189173, 5.646581317590359, 8.943115297415885, 12.41122528051134, 14.156463869821687, 15.058107340098337, 10.52710479481647, 10.083292798078105], [4.899040012619924, 15.866001148870073, 18.67433150396051, 13.739037974919253, 10.687875909614776, 12.504561625931418, 8.8423624104293, 19.116394081203758, 14.198956096756449, 18.210948886245895, 16.713608304497654, 15.230632276723542, 15.787729048164755, 4.231612023729308, 4.052255210789849, 0.0, 3.5808160806346008, 6.81865278407539, 4.183132703121419, 4.476520363842912, 14.967989433018184, 8.841393441661307, 6.545797238196908, 7.8293039709521945, 10.368329682595434, 8.884823281607007, 12.67877306893846, 11.907344671385031, 12.666562742492866, 8.546206283424654, 9.314051848634104, 14.530868092764914, 16.58671037076369, 16.36770924402077, 12.335059355230976, 12.796430247711735], [2.436407113234659, 13.703031666323868, 17.039936979839165, 11.02852936046195, 7.199728013203378, 9.141342476508008, 5.280371777479328, 18.423857777250582, 13.328969535923374, 17.0639188074541, 15.331891827260048, 13.536511060544942, 15.314690432331691, 7.528598505600697, 7.580905698653824, 3.5808160806346008, 0.0, 8.246152985728985, 4.055178841720916, 6.677761260613892, 15.119048317440631, 7.199650916810591, 5.4811558148262645, 4.788711261226405, 8.013845627112486, 8.196158806319895, 10.748971306583476, 11.044328756585674, 13.620273274823516, 11.289033905946189, 10.2354533398745, 16.37940992864494, 18.60076855577091, 17.483783092574786, 14.06655651725206, 15.169948368678437], [7.054523226735221, 12.932986452103659, 14.393737159809572, 12.444563084052671, 12.633757077459776, 13.515754435006961, 11.690506720566633, 13.381405472531176, 9.104887234557102, 13.157108965203522, 12.167231188634068, 11.426858945545154, 9.97880767629769, 9.216397625661985, 6.3817485227672694, 6.81865278407539, 8.246152985728985, 0.0, 4.3518404276006, 2.579300631719747, 8.547899890348646, 6.684318743788583, 4.945816531339703, 9.068787561580784, 9.046572684161811, 4.876854157997814, 9.799608558475065, 7.189647772708914, 5.861753897990234, 4.614806367981025, 2.621554258592551, 8.13617224580693, 10.38038594694528, 9.556545212862634, 5.820404123820365, 7.263473149954354], [2.7487560440942684, 11.872758442782573, 14.508325817264215, 10.179563310989831, 8.737470120226027, 10.018171967640754, 7.506059935655773, 15.033475035079853, 10.052647827802529, 14.037822601155296, 12.531162189094923, 11.087566226039023, 11.760752313080225, 8.10255028505132, 6.497271978338259, 4.183132703121419, 4.055178841720916, 4.3518404276006, 0.0, 3.604941126446476, 11.243182249760657, 4.792014932301339, 2.4162837027545723, 5.2351050945912565, 6.654436856220184, 4.730071096510545, 8.633973252593199, 7.7496607050977095, 9.566055703526589, 8.15718733554736, 6.181239748773748, 12.45557052967492, 14.721631453176984, 13.428607914591066, 10.127503076896316, 11.542708414250253], [6.229472697858152, 14.472064934936869, 16.42007798637718, 13.366261507020136, 12.335919230618847, 13.602977589026334, 11.012527829421677, 15.826920797490594, 11.321170652779443, 15.412910140002053, 14.251710934375541, 13.24414483492646, 12.42185435948442, 6.65458488934124, 3.96300289530927, 4.476520363842912, 6.677761260613892, 2.579300631719747, 3.604941126446476, 0.0, 11.114117978904197, 7.6308839434700015, 5.379580400878364, 8.839109236922765, 9.829151485416698, 6.476536893338468, 11.228932516696329, 9.224285514916529, 8.384828248596612, 4.669556822946147, 5.200559661386861, 10.06812288000555, 12.166622784452018, 11.96968556481428, 7.8587066983354745, 8.53047563119718], [12.988956220335847, 10.094950360254394, 8.829647245654547, 12.165560697748468, 15.964916493430557, 15.601490929607017, 16.154713619345856, 5.459501687808481, 4.320850519684456, 6.509831339591909, 6.821275364874982, 7.801931799064416, 2.7169984410377332, 17.76372851746005, 14.882232438221221, 14.967989433018184, 15.119048317440631, 8.547899890348646, 11.243182249760657, 11.114117978904197, 0.0, 9.066299472918312, 9.747961903943551, 13.169977429349002, 10.521916998219229, 7.103358647975596, 8.661318307266816, 5.190948646769371, 3.7207068680579445, 11.105559538773468, 5.942885522212048, 7.555536908719609, 9.272134053463954, 4.762369825349519, 6.7173861327361415, 9.754647255507285], [4.766185646756523, 7.080829860338027, 9.925638602895955, 5.794338515283011, 7.07296170848919, 7.271721442131159, 7.0884441929003685, 11.383866162838912, 6.298929886055526, 9.872802579760666, 8.136609025895359, 6.43646658747545, 8.520401021560506, 12.8868363055918, 11.163025294632877, 8.841393441661307, 7.199650916810591, 6.684318743788583, 4.792014932301339, 7.6308839434700015, 9.066299472918312, 0.0, 2.391924499711809, 4.111577327254801, 2.3712435292696408, 2.3863809938986265, 3.847725956879829, 4.1543923861326695, 9.105534908391455, 11.29426533554, 6.619067473211051, 13.201855265232233, 15.518656697528897, 12.726035258324545, 11.021106720799951, 13.394107930388053], [3.2416146602724454, 9.467761761117712, 12.129993307229588, 7.995604349930042, 7.758958141703289, 8.572143349196452, 7.091078720070513, 12.981996090339354, 7.911507755143119, 11.790960038200394, 10.203103879305894, 8.687433019319293, 9.834870382163004, 10.518740455362115, 8.783962192206515, 6.545797238196908, 5.4811558148262645, 4.945816531339703, 2.4162837027545723, 5.379580400878364, 9.747961903943551, 2.391924499711809, 0.0, 4.238511187429999, 4.4528510732918605, 2.7175617956580576, 6.221704992310865, 5.605966200537501, 8.828657158943695, 9.417773176510112, 5.743883251479396, 12.415863107087597, 14.742217385237371, 12.664004072151334, 10.117923025236784, 12.094801956253013], [2.9657095194034144, 9.221048017237264, 12.918813341546175, 6.268237830977299, 3.5682523211985147, 4.830881841276585, 3.0013306485625755, 15.234696438077806, 10.24261737995532, 13.429668839351983, 11.523612578117602, 9.4892411351501, 12.559206089049725, 12.040379974319553, 11.315812686551066, 7.8293039709521945, 4.788711261226405, 9.068787561580784, 5.2351050945912565, 8.839109236922765, 13.169977429349002, 4.111577327254801, 4.238511187429999, 0.0, 3.661782747732624, 6.2285086258254045, 6.625284514224492, 8.22479785102338, 12.88340863145844, 13.314001897779685, 9.95334840700235, 16.63985385204747, 18.968493019495615, 16.637875644196697, 14.350855078789465, 16.296965784275503], [5.688889346883652, 5.690427033844612, 9.25924414239046, 3.5453204353541428, 5.502225517719001, 5.174423555302805, 6.171143475411, 11.789210138527418, 6.98829538807789, 9.837448125423453, 7.89832497451864, 5.83117928420436, 9.407789251038576, 14.555733536142364, 13.148774297359278, 10.368329682595434, 8.013845627112486, 9.046572684161811, 6.654436856220184, 9.829151485416698, 10.521916998219229, 2.3712435292696408, 4.4528510732918605, 3.661782747732624, 0.0, 4.618994588564914, 2.9713238638382937, 5.3346141237222025, 11.146606930367888, 13.65002840223181, 8.9144606701264, 15.394850492391155, 17.692559463547905, 14.586279228515462, 13.270214403896613, 15.727644867174083], [5.936546235749376, 8.085274981504302, 10.016101125432321, 7.7336987256819585, 9.412693934006722, 9.652180757268088, 9.227295595373056, 10.329979460678285, 5.322594317051407, 9.331189407273982, 7.924066756062501, 6.769308483949319, 7.129497231768036, 12.551637947123355, 10.343897521122045, 8.884823281607007, 8.196158806319895, 4.876854157997814, 4.730071096510545, 6.476536893338468, 7.103358647975596, 2.3863809938986265, 2.7175617956580576, 6.2285086258254045, 4.618994588564914, 0.0, 4.922939866232633, 3.0228088837890787, 6.739750339432299, 9.43737250270252, 4.298467268404338, 10.820878329697086, 13.134957399634077, 10.424013411598999, 8.660051183458055, 11.128586638029592], [8.338744054962566, 3.26081772133679, 6.3298268918841, 3.52289794282194, 8.132650730821034, 7.2037289353609815, 9.079673721426381, 8.990120135651143, 4.579553595851618, 6.902430222871206, 4.939743096589782, 2.864733199153145, 7.004409748052393, 16.733359315289498, 14.922932399948866, 12.67877306893846, 10.748971306583476, 9.799608558475065, 8.633973252593199, 11.228932516696329, 8.661318307266816, 3.847725956879829, 6.221704992310865, 6.625284514224492, 2.9713238638382937, 4.922939866232633, 0.0, 3.760904857901125, 10.204981806644346, 14.338409140254845, 8.84039548156136, 14.689389634936497, 16.881974117853844, 13.162143300113327, 12.809052543067345, 15.594424824342758], [8.680738878693768, 6.203705658547826, 7.218426152618773, 7.2546623339221705, 10.804241941241033, 10.420380048255458, 11.147146228073805, 7.3813817068812115, 2.310470950030599, 6.317283994668983, 5.027621699438169, 4.334421218352603, 4.369547847807664, 15.517573374784225, 13.168640148806881, 11.907344671385031, 11.044328756585674, 7.189647772708914, 7.7496607050977095, 9.224285514916529, 5.190948646769371, 4.1543923861326695, 5.605966200537501, 8.22479785102338, 5.3346141237222025, 3.0228088837890787, 3.760904857901125, 0.0, 6.455114242195782, 11.391053221090468, 5.55260933652764, 10.956544425110636, 13.128493656856595, 9.464344257937745, 9.159940423729255, 12.050281169050233], [11.86855698453145, 12.460449311457483, 12.098065282425628, 13.652629334218444, 16.151780946900747, 16.30107570802389, 15.849939368955035, 9.179879044056126, 6.87910677788569, 10.015149903183685, 9.916616440327159, 10.305645388568431, 6.203665869229158, 14.859678837878757, 11.82185123189173, 12.666562742492866, 13.620273274823516, 5.861753897990234, 9.566055703526589, 8.384828248596612, 3.7207068680579445, 9.105534908391455, 8.828657158943695, 12.88340863145844, 11.146606930367888, 6.739750339432299, 10.204981806644346, 6.455114242195782, 0.0, 7.4974398274918945, 3.4102416143426213, 4.5174736930165835, 6.677383304992942, 3.8724785063391596, 3.0862455919591474, 6.161585288948051], [10.861652231850702, 17.394734750912416, 18.410314479826546, 17.059228196012587, 16.86390389180837, 17.95222668163716, 15.646487645940198, 16.47743061332997, 12.970781323829794, 16.8109152206197, 16.147388352912568, 15.720369985775699, 13.224632635189133, 8.73348341453363, 5.646581317590359, 8.546206283424654, 11.289033905946189, 4.614806367981025, 8.15718733554736, 4.669556822946147, 11.105559538773468, 11.29426533554, 9.417773176510112, 13.314001897779685, 13.65002840223181, 9.43737250270252, 14.338409140254845, 11.391053221090468, 7.4974398274918945, 0.0, 5.908538086962342, 6.887031447171391, 8.51667157335673, 9.994723485182805, 5.317487410945086, 4.4397606451039024], [8.593389674271132, 11.69667057669792, 12.502136121104787, 11.957674100441345, 13.394904981344556, 13.870746184089501, 12.834553323148208, 10.935953556656445, 7.0676469653205825, 10.976447004818596, 10.2396308565489, 9.883057873816627, 7.563132587565143, 11.831806005933718, 8.943115297415885, 9.314051848634104, 10.2354533398745, 2.621554258592551, 6.181239748773748, 5.200559661386861, 5.942885522212048, 6.619067473211051, 5.743883251479396, 9.95334840700235, 8.9144606701264, 4.298467268404338, 8.84039548156136, 5.55260933652764, 3.4102416143426213, 5.908538086962342, 0.0, 6.690234937855046, 9.020149733863882, 7.252387570091827, 4.431395354128827, 6.8421388787064785], [15.08037231764115, 16.971166189011875, 16.347075180743, 18.097677642577366, 20.081840028409047, 20.47261358965609, 19.49440466356448, 12.713720804354061, 11.322903552565851, 14.064122329607445, 14.244816217906475, 14.794635470050741, 10.26379209121056, 15.545760913145765, 12.41122528051134, 14.530868092764914, 16.37940992864494, 8.13617224580693, 12.45557052967492, 10.06812288000555, 7.555536908719609, 13.201855265232233, 12.415863107087597, 16.63985385204747, 15.394850492391155, 10.820878329697086, 14.689389634936497, 10.956544425110636, 4.5174736930165835, 6.887031447171391, 6.690234937855046, 0.0, 2.330017553763355, 3.924338036762465, 2.3307333532939234, 3.0498668441391414], [17.371649644554765, 19.02974138730228, 18.095744801168383, 20.324965088164852, 22.41163061472539, 22.786881482143983, 21.816329026503762, 14.066004298551208, 13.297117103443433, 15.693489882630645, 16.079853268456954, 16.808262263499277, 11.97966241460799, 17.24922738710306, 14.156463869821687, 16.58671037076369, 18.60076855577091, 10.38038594694528, 14.721631453176984, 12.166622784452018, 9.272134053463954, 15.518656697528897, 14.742217385237371, 18.968493019495615, 17.692559463547905, 13.134957399634077, 16.881974117853844, 13.128493656856595, 6.677383304992942, 8.51667157335673, 9.020149733863882, 2.330017553763355, 0.0, 4.8641976606443516, 4.63445044777689, 4.135407328592244], [15.736433576290041, 14.841464414793034, 13.427245066248124, 16.68425287017188, 19.798677137070662, 19.758579753913175, 19.62536008949743, 9.20775344796198, 9.048857462794166, 10.94329038544971, 11.531941929796385, 12.554951556178885, 7.36128333435795, 18.17830824476364, 15.058107340098337, 16.36770924402077, 17.483783092574786, 9.556545212862634, 13.428607914591066, 11.96968556481428, 4.762369825349519, 12.726035258324545, 12.664004072151334, 16.637875644196697, 14.586279228515462, 10.424013411598999, 13.162143300113327, 9.464344257937745, 3.8724785063391596, 9.994723485182805, 7.252387570091827, 3.924338036762465, 4.8641976606443516, 0.0, 4.677334275048856, 6.884868417708013], [12.75001100487009, 15.315724238625663, 15.173766386001343, 16.128449651496762, 17.818808812024898, 18.28779403538998, 17.18410362533243, 12.151243857469213, 9.890608367057, 13.098039717183147, 12.977138396091965, 13.236164241446625, 9.280395612013958, 13.667930336410105, 10.52710479481647, 12.335059355230976, 14.06655651725206, 5.820404123820365, 10.127503076896316, 7.8587066983354745, 6.7173861327361415, 11.021106720799951, 10.117923025236784, 14.350855078789465, 13.270214403896613, 8.660051183458055, 12.809052543067345, 9.159940423729255, 3.0862455919591474, 5.317487410945086, 4.431395354128827, 2.3307333532939234, 4.63445044777689, 4.677334275048856, 0.0, 3.075449114893908], [14.282603627877092, 18.24637880970206, 18.24431847958971, 18.793453172521268, 19.84768634710424, 20.562883225108777, 18.95376945067165, 15.150882535362333, 12.93164281366934, 16.170031164675553, 16.039929196201086, 16.222119291119125, 12.349155725581657, 13.147020640291167, 10.083292798078105, 12.796430247711735, 15.169948368678437, 7.263473149954354, 11.542708414250253, 8.53047563119718, 9.754647255507285, 13.394107930388053, 12.094801956253013, 16.296965784275503, 15.727644867174083, 11.128586638029592, 15.594424824342758, 12.050281169050233, 6.161585288948051, 4.4397606451039024, 6.8421388787064785, 3.0498668441391414, 4.135407328592244, 6.884868417708013, 3.075449114893908, 0.0]]
20.0
