2
1
36
10628
[759, 732, 753, 0, 0, 0, 719, 751, 757, 738, 0, 0, 0, 739, 734, 0, 745, 0, 0, 0, 0, 0, 0, 754, 0, 0, 0, 724, 0, 0, 0, 0, 0, 718, 0, 754]
[151, 150, 152, 146, 143, 147, 144, 149, 148, 147, 149, 149, 152, 146, 150, 151, 148, 143, 144, 148, 147, 151, 147, 145, 146, 148, 145, 143, 148, 152, 149, 145, 151, 152, 152, 149]
[[0, 1, 0, 0, 1, 0, 0, 0, 0, 0, 0, 0, 0, 0, 0, 1, 0, 0, 0, 0, 0, 0, 0, 0, 0, 0, 0, 0, 0, 0, 0, 0, 0, 0, 0, 0], [1, 0, 0, 0, 1, 0, 0, 0, 0, 0, 0, 0, 1, 0, 0, 0, 0, 0, 0, 0, 0, 0, 0, 0, 0, 0, 0, 0, 0, 0, 0, 0, 0, 0, 1, 0], [0, 0, 0, 0, 0, 0, 0, 0, 0, 0, 0, 0, 0, 0, 0, 0, 0, 0, 0, 0, 0, 0, 0, 0, 0, 0, 0, 0, 0, 0, 0, 0, 1, 0, 1, 0], [0, 0, 0, 0, 0, 0, 0, 0, 0, 0, 0, 0, 0, 0, 1, 1, 0, 0, 0, 0, 0, 0, 0, 0, 0, 0, 0, 0, 1, 0, 0, 0, 0, 0, 0, 0], [1, 1, 0, 0, 0, 0, 0, 0, 0, 0, 0, 0, 1, 0, 0, 1, 0, 0, 1, 0, 0, 0, 0, 0, 0, 0, 0, 0, 0, 0, 0, 0, 0, 0, 0, 0], [0, 0, 0, 0, 0, 0, 0, 0, 0, 1, 0, 0, 0, 0, 0, 0, 0, 0, 0, 0, 0, 0, 0, 1, 0, 0, 1, 1, 0, 0, 0, 0, 0, 0, 0, 0], [0, 0, 0, 0, 0, 0, 0, 0, 0, 0, 0, 0, 0, 0, 0, 0, 0, 0, 0, 0, 1, 0, 0, 0, 0, 0, 0, 0, 0, 0, 0, 0, 1, 0, 0, 0], [0, 0, 0, 0, 0, 0, 0, 0, 1, 1, 0, 0, 0, 0, 0, 0, 0, 0, 0, 0, 0, 1, 0, 0, 1, 0, 0, 0, 0, 0, 0, 0, 0, 0, 0, 0], [0, 0, 0, 0, 0, 0, 0, 1, 0, 1, 0, 0, 0, 0, 0, 0, 0, 0, 0, 0, 1, 1, 0, 0, 0, 0, 0, 0, 0, 0, 0, 0, 0, 0, 0, 0], [0, 0, 0, 0, 0, 1, 0, 1, 1, 0, 0, 0, 0, 0, 0, 0, 0, 0, 0, 0, 0, 0, 0, 0, 1, 0, 0, 0, 0, 0, 0, 0, 0, 0, 0, 0], [0, 0, 0, 0, 0, 0, 0, 0, 0, 0, 0, 0, 0, 0, 0, 0, 1, 1, 0, 1, 0, 0, 0, 0, 0, 0, 0, 0, 0, 0, 0, 0, 0, 1, 0, 1], [0, 0, 0, 0, 0, 0, 0, 0, 0, 0, 0, 0, 1, 0, 0, 0, 0, 0, 1, 1, 0, 0, 0, 0, 0, 0, 0, 0, 0, 0, 0, 0, 0, 0, 0, 1], [0, 1, 0, 0, 1, 0, 0, 0, 0, 0, 0, 1, 0, 0, 0, 0, 0, 0, 1, 0, 0, 0, 0, 0, 0, 0, 0, 0, 0, 0, 0, 0, 0, 0, 1, 1], [0, 0, 0, 0, 0, 0, 0, 0, 0, 0, 0, 0, 0, 0, 1, 1, 0, 0, 1, 0, 0, 0, 0, 0, 0, 0, 0, 0, 0, 1, 0, 0, 0, 0, 0, 0], [0, 0, 0, 1, 0, 0, 0, 0, 0, 0, 0, 0, 0, 1, 0, 1, 0, 0, 0, 0, 0, 0, 0, 0, 0, 0, 0, 0, 1, 1, 0, 0, 0, 0, 0, 0], [1, 0, 0, 1, 1, 0, 0, 0, 0, 0, 0, 0, 0, 1, 1, 0, 0, 0, 0, 0, 0, 0, 0, 0, 0, 0, 0, 0, 0, 0, 0, 0, 0, 0, 0, 0], [0, 0, 0, 0, 0, 0, 0, 0, 0, 0, 1, 0, 0, 0, 0, 0, 0, 1, 0, 0, 0, 1, 0, 0, 1, 1, 0, 0, 0, 0, 0, 0, 0, 1, 0, 0], [0, 0, 0, 0, 0, 0, 0, 0, 0, 0, 1, 0, 0, 0, 0, 0, 1, 0, 0, 1, 0, 0, 0, 0, 0, 1, 0, 0, 0, 0, 0, 0, 0, 0, 0, 0], [0, 0, 0, 0, 1, 0, 0, 0, 0, 0, 0, 1, 1, 1, 0, 0, 0, 0, 0, 1, 0, 0, 0, 0, 0, 1, 0, 0, 0, 0, 0, 0, 0, 0, 0, 0], [0, 0, 0, 0, 0, 0, 0, 0, 0, 0, 1, 1, 0, 0, 0, 0, 0, 1, 1, 0, 0, 0, 0, 0, 0, 0, 0, 0, 0, 0, 0, 0, 0, 0, 0, 0], [0, 0, 0, 0, 0, 0, 1, 0, 1, 0, 0, 0, 0, 0, 0, 0, 0, 0, 0, 0, 0, 1, 0, 0, 0, 0, 0, 0, 0, 0, 0, 1, 1, 0, 0, 0], [0, 0, 0, 0, 0, 0, 0, 1, 1, 0, 0, 0, 0, 0, 0, 0, 1, 0, 0, 0, 1, 0, 0, 0, 0, 0, 0, 0, 0, 0, 0, 1, 0, 1, 0, 0], [0, 0, 0, 0, 0, 0, 0, 0, 0, 0, 0, 0, 0, 0, 0, 0, 0, 0, 0, 0, 0, 0, 0, 1, 1, 1, 1, 0, 1, 1, 0, 0, 0, 0, 0, 0], [0, 0, 0, 0, 0, 1, 0, 0, 0, 0, 0, 0, 0, 0, 0, 0, 0, 0, 0, 0, 0, 0, 1, 0, 1, 0, 1, 0, 0, 0, 0, 0, 0, 0, 0, 0], [0, 0, 0, 0, 0, 0, 0, 1, 0, 1, 0, 0, 0, 0, 0, 0, 1, 0, 0, 0, 0, 0, 1, 1, 0, 1, 0, 0, 0, 0, 0, 0, 0, 0, 0, 0], [0, 0, 0, 0, 0, 0, 0, 0, 0, 0, 0, 0, 0, 0, 0, 0, 1, 1, 1, 0, 0, 0, 1, 0, 1, 0, 0, 0, 0, 1, 0, 0, 0, 0, 0, 0], [0, 0, 0, 0, 0, 1, 0, 0, 0, 0, 0, 0, 0, 0, 0, 0, 0, 0, 0, 0, 0, 0, 1, 1, 0, 0, 0, 1, 0, 0, 0, 0, 0, 0, 0, 0], [0, 0, 0, 0, 0, 1, 0, 0, 0, 0, 0, 0, 0, 0, 0, 0, 0, 0, 0, 0, 0, 0, 0, 0, 0, 0, 1, 0, 1, 0, 0, 0, 0, 0, 0, 0], [0, 0, 0, 1, 0, 0, 0, 0, 0, 0, 0, 0, 0, 0, 1, 0, 0, 0, 0, 0, 0, 0, 1, 0, 0, 0, 0, 1, 0, 1, 0, 0, 0, 0, 0, 0], [0, 0, 0, 0, 0, 0, 0, 0, 0, 0, 0, 0, 0, 1, 1, 0, 0, 0, 0, 0, 0, 0, 1, 0, 0, 1, 0, 0, 1, 0, 0, 0, 0, 0, 0, 0], [0, 0, 0, 0, 0, 0, 0, 0, 0, 0, 0, 0, 0, 0, 0, 0, 0, 0, 0, 0, 0, 0, 0, 0, 0, 0, 0, 0, 0, 0, 0, 1, 1, 1, 1, 0], [0, 0, 0, 0, 0, 0, 0, 0, 0, 0, 0, 0, 0, 0, 0, 0, 0, 0, 0, 0, 1, 1, 0, 0, 0, 0, 0, 0, 0, 0, 1, 0, 1, 1, 0, 0], [0, 0, 1, 0, 0, 0, 1, 0, 0, 0, 0, 0, 0, 0, 0, 0, 0, 0, 0, 0, 1, 0, 0, 0, 0, 0, 0, 0, 0, 0, 1, 1, 0, 0, 1, 0], [0, 0, 0, 0, 0, 0, 0, 0, 0, 0, 1, 0, 0, 0, 0, 0, 1, 0, 0, 0, 0, 1, 0, 0, 0, 0, 0, 0, 0, 0, 1, 1, 0, 0, 0, 0], [0, 1, 1, 0, 0, 0, 0, 0, 0, 0, 0, 0, 1, 0, 0, 0, 0, 0, 0, 0, 0, 0, 0, 0, 0, 0, 0, 0, 0, 0, 1, 0, 1, 0, 0, 1], [0, 0, 0, 0, 0, 0, 0, 0, 0, 0, 1, 1, 1, 0, 0, 0, 0, 0, 0, 0, 0, 0, 0, 0, 0, 0, 0, 0, 0, 0, 0, 0, 0, 0, 1, 0]]
[130, 313, 402, 450, 286, 159, 52, 172, 274, 414, 431, 178, 256, 357, 247, 190, 458, 227, 166, 205, 106, 393, 438, 277, 357, 331, 407, 321, 441, 483, 54, 399, 400, 479, 181, 194]
0.03
[[0.0, 6.345432562441764, 13.267516762873017, 8.096231759128722, 2.111796629438207, 17.54327375804669, 19.14949673319725, 14.260631506226705, 16.762324183248086, 17.416659439951594, 9.350265297055378, 5.953157797850966, 5.115430794991204, 5.0118810431516385, 6.373916577632804, 4.272743470661918, 10.807956676228173, 8.522874329736101, 4.793282354159512, 6.94069659143445, 17.655948832017085, 13.701052504310956, 10.508992774969519, 13.434981503273349, 13.23518820816746, 8.979184740600946, 13.053601072306643, 13.364586965591355, 9.828681566025075, 7.348731288143457, 11.976945936326967, 14.261251241067622, 14.19199081908742, 11.170537796506501, 9.560118065864811, 8.051019507060774], [6.345432562441764, 0.0, 9.065577890258586, 14.271487419159222, 5.734959537421831, 20.324404463897853, 16.517173732010296, 14.68357707121229, 16.38136776517399, 18.3985005788778, 8.870330144668001, 6.67981852955621, 4.233024085718888, 9.691721852448794, 11.873197240317099, 10.50106162688684, 11.680394338956084, 9.670414867635465, 8.26229502086199, 8.271373144878506, 15.973421830549716, 13.111142480617161, 13.662460182252298, 15.752218741364507, 14.663354524805097, 11.555458502125488, 16.355354146144176, 17.5677653553466, 14.854054899566394, 11.687948102908887, 9.880351636982779, 12.475747514280485, 11.00699411753194, 10.214244983625825, 4.769165016426628, 6.273105854804863], [13.267516762873017, 9.065577890258586, 0.0, 19.104021550204042, 11.418272811506611, 17.970043123679428, 7.94505165702926, 10.328205926890613, 10.412221973081058, 13.838222463752214, 6.723517569687209, 8.523000505388696, 8.177010678373017, 13.297434339551756, 15.755379484313536, 16.124423038189725, 9.328411159018613, 9.046817058335867, 11.433532825398316, 9.077875785102561, 8.427013925114728, 7.890861669225463, 13.563795930571837, 13.759859265060907, 11.753171251032892, 11.598122226843545, 15.631410285537086, 17.948460390236004, 17.184399983477007, 13.981430639299127, 4.210765804205556, 5.736234227771795, 2.7412493440706074, 6.142936209787731, 4.296483538691315, 5.699376691672064], [8.096231759128722, 14.271487419159222, 19.104021550204042, 0.0, 8.66264597933353, 14.542386145143478, 22.726454268276253, 15.279212912072108, 18.184881234390147, 17.005120131015353, 13.058254091136025, 10.582642281655982, 11.5715332797574, 5.820577666737701, 3.4792265891256267, 3.823675983164766, 12.439030860410393, 10.971628752142655, 7.6712343510519, 10.232519943370301, 20.406250293862662, 16.044643954490798, 9.075069059261175, 12.139113502393634, 13.26375777713639, 9.315872435320811, 10.31394225615567, 8.89611216995052, 4.941181462383235, 5.9827036038169865, 16.276179604804938, 17.73103931950548, 19.010261654184426, 14.639226357499528, 16.386581664842897, 13.410246847562046], [2.111796629438207, 5.734959537421831, 11.418272811506611, 8.66264597933353, 0.0, 16.0688018532079, 17.05693023923582, 12.260425981128707, 14.701567482787503, 15.526339254627098, 7.239829930775852, 3.843177231107124, 3.2583101075906566, 4.098944347980584, 6.143551652671107, 5.048461942839998, 8.817448053698367, 6.517323276035948, 3.1735893115785374, 4.90685126764813, 15.544281969743032, 11.609965519084817, 9.046218755113651, 11.778316780877796, 11.37599774054678, 7.288755747707641, 11.693781935281358, 12.380941736130666, 9.261706885368694, 6.314496533734496, 9.89193270013206, 12.152605536790123, 12.173552809919657, 9.059024988370984, 7.992975062693153, 6.021712613123354], [17.54327375804669, 20.324404463897853, 17.970043123679428, 14.542386145143478, 16.0688018532079, 0.0, 15.717313916869044, 7.811333083218291, 9.309177787483575, 5.563882057556472, 12.208204455448344, 13.647222378183631, 16.09539287984173, 12.630860829051104, 12.516105982069305, 15.537404326445136, 9.09506218429124, 10.710207001911444, 12.899275827377755, 12.05452238501821, 12.78569145194714, 10.276717071277133, 7.041514350033028, 4.602735065491162, 6.258157951678942, 8.873604411100542, 4.5626040880061645, 5.7753981744058285, 9.609760933237277, 10.385318194636385, 13.767448458176924, 12.809167820831966, 15.89506294709951, 11.953059219895199, 18.59579579228039, 14.793697835044524], [19.14949673319725, 16.517173732010296, 7.94505165702926, 22.726454268276253, 17.05693023923582, 15.717313916869044, 0.0, 8.571043559186043, 6.408643287667039, 10.270882379705467, 10.027094335117193, 13.307227334428273, 14.265341289625054, 17.21468332413364, 19.264621488777248, 20.746807966058284, 10.387548648023833, 11.801458340215108, 15.66841573370981, 12.871356552856952, 2.939787357716702, 6.843612450707842, 14.624218987990629, 13.011918454272728, 10.886009413212165, 13.54251195982889, 15.498874263212482, 18.239412004640187, 19.243564491418027, 16.796871596885087, 7.1773634396527894, 5.051016463732583, 5.526721278601606, 8.245043613461704, 11.92249203790986, 11.188387824928961], [14.260631506226705, 14.68357707121229, 10.328205926890613, 15.279212912072108, 12.260425981128707, 7.811333083218291, 8.571043559186043, 0.0, 2.907011792436304, 3.7825138797008955, 5.813285010155554, 8.666077865923858, 10.81071960031044, 10.593312763651484, 12.026865970033963, 14.27179203865247, 3.453102271083353, 5.744240380932029, 9.669018390025803, 7.356697874140188, 5.724505611136634, 2.4783367312546596, 6.416332449585425, 4.442523273143743, 2.3364170891750975, 6.07791874317602, 6.931841856704673, 9.678546447008765, 11.132642701761005, 9.359722567794476, 6.223128766213023, 4.9984410574227045, 8.103992362657943, 4.753039260940588, 11.754788576207606, 8.463579176902204], [16.762324183248086, 16.38136776517399, 10.412221973081058, 18.184881234390147, 14.701567482787503, 9.309177787483575, 6.408643287667039, 2.907011792436304, 0.0, 3.9451590834187495, 7.726489628093659, 10.945740564842152, 12.841412048432208, 13.394355703371527, 14.91578497658226, 17.082052433166503, 6.105006432656096, 8.28308435943734, 12.334371442766889, 9.824481381025867, 3.477833076029237, 3.2767694058226997, 9.296399190170158, 6.989113552988156, 5.108694444313083, 8.951506466718952, 9.516003683523916, 12.259606210214821, 14.005108516026992, 12.254344497772571, 6.881933334964017, 4.679638310805266, 7.795757113885238, 6.172611343107032, 12.808645447495891, 10.12286235088661], [17.416659439951594, 18.3985005788778, 13.838222463752214, 17.005120131015353, 15.526339254627098, 5.563882057556472, 10.270882379705467, 3.7825138797008955, 3.9451590834187495, 0.0, 9.545615456777309, 12.159724366759258, 14.424361066371135, 13.202181293952039, 14.112072877661534, 16.746573620041293, 6.8377995926082855, 9.097100759638648, 12.660289820624236, 10.71771172379822, 7.381420865122403, 5.989957875743801, 7.977712598118299, 4.876331652031143, 4.193116646348918, 8.60253951040832, 7.095649902819122, 9.629420673595543, 12.315104580173784, 11.48934881838357, 9.879277309424127, 8.196258134770869, 11.39554863345337, 8.529638708159272, 15.529195701463546, 12.220809060714048], [9.350265297055378, 8.870330144668001, 6.723517569687209, 13.058254091136025, 7.239829930775852, 12.208204455448344, 10.027094335117193, 5.813285010155554, 7.726489628093659, 9.545615456777309, 0.0, 3.3971318728579347, 5.116494836786714, 7.323999035370429, 9.588257162683844, 10.744872896714382, 3.1146778338612537, 2.337793845693222, 5.666204309335341, 2.8813909136446387, 8.310145650468518, 4.488052437773471, 6.884776033413737, 7.664077458539617, 6.0772632007231975, 4.874759337521572, 9.142842869128499, 11.292727074989312, 10.535480767509744, 7.4621312447058346, 3.2208204769164515, 5.00144146798235, 5.989803276045032, 1.8283806665455242, 6.387627537173883, 2.6957204243371193], [5.953157797850966, 6.67981852955621, 8.523000505388696, 10.582642281655982, 3.843177231107124, 13.647222378183631, 13.307227334428273, 8.666077865923858, 10.945740564842152, 12.159724366759258, 3.3971318728579347, 0.0, 2.4482228017187193, 4.793216155496187, 7.276362224911714, 7.734905637786511, 5.322855755177129, 3.0991671697005674, 2.918443040666287, 1.5927786644002104, 11.705149251533438, 7.795846979028035, 7.066893434068178, 9.088433884799683, 8.174474086370557, 4.909650888400583, 9.732324668390076, 11.208676377073564, 9.23895709000304, 5.893371186255464, 6.208169847191459, 8.343832198461493, 8.711154524315184, 5.219573552761489, 6.251788267548361, 2.8280249061360547], [5.115430794991204, 4.233024085718888, 8.177010678373017, 11.5715332797574, 3.2583101075906566, 16.09539287984173, 14.265341289625054, 10.81071960031044, 12.841412048432208, 14.424361066371135, 5.116494836786714, 2.4482228017187193, 0.0, 6.167285396384212, 8.600924309112282, 8.180959710416055, 7.609403335350787, 5.4885654416182375, 4.4379763188333055, 4.040871067911321, 13.088749694448138, 9.588228612603938, 9.45895267676197, 11.532697463613852, 10.540733527770223, 7.3307612543203335, 12.142814594109035, 13.481612111134403, 11.123614489238324, 7.820766164785299, 7.116652688759887, 9.581977381602696, 9.125551805241384, 6.76370683821018, 4.828394953212324, 3.0795705130868813], [5.0118810431516385, 9.691721852448794, 13.297434339551756, 5.820577666737701, 4.098944347980584, 12.630860829051104, 17.21468332413364, 10.593312763651484, 13.394355703371527, 13.202181293952039, 7.323999035370429, 4.793216155496187, 6.167285396384212, 0.0, 2.4938386799224035, 3.6882251295593727, 7.317043334926273, 5.433497615832288, 1.8771694618020935, 4.454831349663502, 15.118312061685941, 10.795757624416504, 5.671184873399612, 8.782473943127801, 9.048964902490155, 4.618368751105712, 8.095481789235441, 8.386687431610113, 5.176561277601652, 2.3371166080741945, 10.519833674697702, 12.168411065435913, 13.22068459428131, 9.000144436962627, 10.834808803675395, 7.617477699455859], [6.373916577632804, 11.873197240317099, 15.755379484313536, 3.4792265891256267, 6.143551652671107, 12.516105982069305, 19.264621488777248, 12.026865970033963, 14.91578497658226, 14.112072877661534, 9.588257162683844, 7.276362224911714, 8.600924309112282, 2.4938386799224035, 0.0, 3.063196237027624, 9.03552460670345, 7.49408294712218, 4.368014217765461, 6.78575889851999, 16.9916425309255, 12.62897083076429, 6.152970247241363, 9.35510779449829, 10.155874407731709, 5.971089493549069, 7.997603673153274, 7.448741170638471, 3.5455493903969217, 2.674471517096198, 12.808341718933203, 14.258318730348137, 15.554495743721805, 11.160036791588958, 13.316538900917292, 10.093352187951915], [4.272743470661918, 10.50106162688684, 16.124423038189725, 3.823675983164766, 5.048461942839998, 15.537404326445136, 20.746807966058284, 14.27179203865247, 17.082052433166503, 16.746573620041293, 10.744872896714382, 7.734905637786511, 8.180959710416055, 3.6882251295593727, 3.063196237027624, 0.0, 11.003349353704007, 9.053236678299614, 5.080777401689772, 7.877273607860293, 18.75109817016151, 14.45427480622301, 8.931183630466602, 12.138050513652828, 12.646268359330982, 8.245697570965236, 10.99286587977938, 10.500363270074832, 6.514758053316904, 5.323954300081614, 13.850796420532125, 15.69709298714813, 16.438194279642893, 12.502008291040813, 12.996114338654868, 10.468552679890147], [10.807956676228173, 11.680394338956084, 9.328411159018613, 12.439030860410393, 8.817448053698367, 9.09506218429124, 10.387548648023833, 3.453102271083353, 6.105006432656096, 6.8377995926082855, 3.1146778338612537, 5.322855755177129, 7.609403335350787, 7.317043334926273, 9.03552460670345, 11.003349353704007, 0.0, 2.302114992622413, 6.244609531849191, 3.926130333767381, 7.967267946805365, 3.6074324441647763, 4.495879737353947, 4.577024351350732, 3.0072657290628624, 3.1590104530925016, 6.3055363323159055, 8.723387669934231, 8.903901961918796, 6.46115098074571, 5.220783658292621, 5.597224347894002, 7.871320016639476, 3.212139142907164, 9.501282544918434, 5.749907084540666], [8.522874329736101, 9.670414867635465, 9.046817058335867, 10.971628752142655, 6.517323276035948, 10.710207001911444, 11.801458340215108, 5.744240380932029, 8.28308435943734, 9.097100759638648, 2.337793845693222, 3.0991671697005674, 5.4885654416182375, 5.433497615832288, 7.49408294712218, 9.053236678299614, 2.302114992622413, 0.0, 4.088722398740145, 1.626613609299107, 9.698259076173825, 5.419705085121221, 4.693546903242325, 6.111308422128808, 5.075316121062627, 2.580402702146829, 7.148489668213594, 9.09325822174675, 8.203352530613811, 5.199240138614122, 5.461983764103166, 6.771628025558538, 8.257108344509929, 3.6778564283539263, 8.19625521328917, 4.274202273798222], [4.793282354159512, 8.26229502086199, 11.433532825398316, 7.6712343510519, 3.1735893115785374, 12.899275827377755, 15.66841573370981, 9.669018390025803, 12.334371442766889, 12.660289820624236, 5.666204309335341, 2.918443040666287, 4.4379763188333055, 1.8771694618020935, 4.368014217765461, 5.080777401689772, 6.244609531849191, 4.088722398740145, 0.0, 2.7971675839014543, 13.734637869492612, 9.502234466983662, 5.872645189288719, 8.664623963832954, 8.469129024867666, 4.190055009806966, 8.525451937803851, 9.361909723203091, 6.691813113007661, 3.4323574748547294, 8.80303002384403, 10.620400374268117, 11.452211706348024, 7.423433801326548, 8.995928229596553, 5.745335992642914], [6.94069659143445, 8.271373144878506, 9.077875785102561, 10.232519943370301, 4.90685126764813, 12.05452238501821, 12.871356552856952, 7.356697874140188, 9.824481381025867, 10.71771172379822, 2.8813909136446387, 1.5927786644002104, 4.040871067911321, 4.454831349663502, 6.78575889851999, 7.877273607860293, 3.926130333767381, 1.626613609299107, 2.7971675839014543, 0.0, 10.981722244753206, 6.829008931870181, 5.545567007176429, 7.497846110678122, 6.657773550683957, 3.3629475980076244, 8.18247900010561, 9.787940758418442, 8.195623995615634, 4.91846104280373, 6.065004789103511, 7.82410834599112, 8.778156439746777, 4.626534637245095, 7.453176286440804, 3.65060692096441], [17.655948832017085, 15.973421830549716, 8.427013925114728, 20.406250293862662, 15.544281969743032, 12.78569145194714, 2.939787357716702, 5.724505611136634, 3.477833076029237, 7.381420865122403, 8.310145650468518, 11.705149251533438, 13.088749694448138, 15.118312061685941, 16.9916425309255, 18.75109817016151, 7.967267946805365, 9.698259076173825, 13.734637869492612, 10.981722244753206, 0.0, 4.363126068523813, 11.965404712349708, 10.143054316837791, 8.059009446255045, 11.10836583485099, 12.650860976778343, 15.4004561129323, 16.64952279709996, 14.427529914499361, 6.110031105169995, 3.5292257345734868, 5.689924987528631, 6.485700409502625, 11.748032783097363, 10.061105283489702], [13.701052504310956, 13.111142480617161, 7.890861669225463, 16.044643954490798, 11.609965519084817, 10.276717071277133, 6.843612450707842, 2.4783367312546596, 3.2767694058226997, 5.989957875743801, 4.488052437773471, 7.795846979028035, 9.588228612603938, 10.795757624416504, 12.62897083076429, 14.45427480622301, 3.6074324441647763, 5.419705085121221, 9.502234466983662, 6.829008931870181, 4.363126068523813, 0.0, 7.792050179668559, 6.582107580311394, 4.393951511030155, 6.758959994554192, 8.925661749041682, 11.60586775279111, 12.401100331277073, 10.06848376111835, 3.8974866888256043, 2.5659596411631194, 5.626137074367413, 2.8977281974150033, 9.69600160292691, 6.847410537589022], [10.508992774969519, 13.662460182252298, 13.563795930571837, 9.075069059261175, 9.046218755113651, 7.041514350033028, 14.624218987990629, 6.416332449585425, 9.296399190170158, 7.977712598118299, 6.884776033413737, 7.066893434068178, 9.45895267676197, 5.671184873399612, 6.152970247241363, 8.931183630466602, 4.495879737353947, 4.693546903242325, 5.872645189288719, 5.545567007176429, 11.965404712349708, 7.792050179668559, 0.0, 3.213071224825984, 4.233559137461472, 2.192553939533176, 2.7004065592009514, 4.410692338490751, 4.7169302371104, 3.6072293369230892, 9.620363179780675, 10.044735627755504, 12.337702357855328, 7.61764840373647, 12.853733915984627, 8.936271467213418], [13.434981503273349, 15.752218741364507, 13.759859265060907, 12.139113502393634, 11.778316780877796, 4.602735065491162, 13.011918454272728, 4.442523273143743, 6.989113552988156, 4.876331652031143, 7.664077458539617, 9.088433884799683, 11.532697463613852, 8.782473943127801, 9.35510779449829, 12.138050513652828, 4.577024351350732, 6.111308422128808, 8.664623963832954, 7.497846110678122, 10.143054316837791, 6.582107580311394, 3.213071224825984, 0.0, 2.189906614243607, 4.4896152507731735, 2.527916214563613, 5.277287792488163, 7.449909115094013, 6.8158439818879275, 9.561439938872434, 9.126039329491126, 11.965436693625547, 7.628936774826104, 14.0427865038408, 10.207081342905145], [13.23518820816746, 14.663354524805097, 11.753171251032892, 13.26375777713639, 11.37599774054678, 6.258157951678942, 10.886009413212165, 2.3364170891750975, 5.108694444313083, 4.193116646348918, 6.0772632007231975, 8.174474086370557, 10.540733527770223, 9.048964902490155, 10.155874407731709, 12.646268359330982, 3.0072657290628624, 5.075316121062627, 8.469129024867666, 6.657773550683957, 8.059009446255045, 4.393951511030155, 4.233559137461472, 2.189906614243607, 0.0, 4.432457029968143, 4.6156062822229185, 7.353507664156321, 8.913803702890556, 7.4882409901796905, 7.542492139130871, 6.944435909455995, 9.838285526040535, 5.695362602237167, 12.429854803808572, 8.74576062011269], [8.979184740600946, 11.555458502125488, 11.598122226843545, 9.315872435320811, 7.288755747707641, 8.873604411100542, 13.54251195982889, 6.07791874317602, 8.951506466718952, 8.60253951040832, 4.874759337521572, 4.909650888400583, 7.3307612543203335, 4.618368751105712, 5.971089493549069, 8.245697570965236, 3.1590104530925016, 2.580402702146829, 4.190055009806966, 3.3629475980076244, 11.10836583485099, 6.758959994554192, 2.192553939533176, 4.4896152507731735, 4.432457029968143, 0.0, 4.823687365208181, 6.538973037477438, 5.840885884174545, 3.3350879800365107, 7.836920613242618, 8.683710308744676, 10.617399472596212, 5.897294629581286, 10.674224187309216, 6.764018238753046], [13.053601072306643, 16.355354146144176, 15.631410285537086, 10.31394225615567, 11.693781935281358, 4.5626040880061645, 15.498874263212482, 6.931841856704673, 9.516003683523916, 7.095649902819122, 9.142842869128499, 9.732324668390076, 12.142814594109035, 8.095481789235441, 7.997603673153274, 10.99286587977938, 6.3055363323159055, 7.148489668213594, 8.525451937803851, 8.18247900010561, 12.650860976778343, 8.925661749041682, 2.7004065592009514, 2.527916214563613, 4.6156062822229185, 4.823687365208181, 0.0, 2.752171774249986, 5.412925521772946, 5.826583271528856, 11.51313482568632, 11.414704844102337, 14.080235253493095, 9.512789434385557, 15.341841554645832, 11.421738003093266], [13.364586965591355, 17.5677653553466, 17.948460390236004, 8.89611216995052, 12.380941736130666, 5.7753981744058285, 18.239412004640187, 9.678546447008765, 12.259606210214821, 9.629420673595543, 11.292727074989312, 11.208676377073564, 13.481612111134403, 8.386687431610113, 7.448741170638471, 10.500363270074832, 8.723387669934231, 9.09325822174675, 9.361909723203091, 9.787940758418442, 15.4004561129323, 11.60586775279111, 4.410692338490751, 5.277287792488163, 7.353507664156321, 6.538973037477438, 2.752171774249986, 0.0, 4.085430813946455, 6.076409327364294, 13.93335267980079, 14.051232311043927, 16.587848567506068, 11.921398880795884, 17.20065428280797, 13.300086611518042], [9.828681566025075, 14.854054899566394, 17.184399983477007, 4.941181462383235, 9.261706885368694, 9.609760933237277, 19.243564491418027, 11.132642701761005, 14.005108516026992, 12.315104580173784, 10.535480767509744, 9.23895709000304, 11.123614489238324, 5.176561277601652, 3.5455493903969217, 6.514758053316904, 8.903901961918796, 8.203352530613811, 6.691813113007661, 8.195623995615634, 16.64952279709996, 12.401100331277073, 4.7169302371104, 7.449909115094013, 8.913803702890556, 5.840885884174545, 5.412925521772946, 4.085430813946455, 0.0, 3.346524293966531, 13.63292493200306, 14.492926153579537, 16.42570755259967, 11.727545806363416, 15.490657379673838, 11.833624850280154], [7.348731288143457, 11.687948102908887, 13.981430639299127, 5.9827036038169865, 6.314496533734496, 10.385318194636385, 16.796871596885087, 9.359722567794476, 12.254344497772571, 11.48934881838357, 7.4621312447058346, 5.893371186255464, 7.820766164785299, 2.3371166080741945, 2.674471517096198, 5.323954300081614, 6.46115098074571, 5.199240138614122, 3.4323574748547294, 4.91846104280373, 14.427529914499361, 10.06848376111835, 3.6072293369230892, 6.8158439818879275, 7.4882409901796905, 3.3350879800365107, 5.826583271528856, 6.076409327364294, 3.346524293966531, 0.0, 10.65145717621706, 11.851673045357252, 13.441561077783145, 8.86100772012998, 12.14513673699737, 8.524332093518641], [11.976945936326967, 9.880351636982779, 4.210765804205556, 16.276179604804938, 9.89193270013206, 13.767448458176924, 7.1773634396527894, 6.223128766213023, 6.881933334964017, 9.879277309424127, 3.2208204769164515, 6.208169847191459, 7.116652688759887, 10.519833674697702, 12.808341718933203, 13.850796420532125, 5.220783658292621, 5.461983764103166, 8.80303002384403, 6.065004789103511, 6.110031105169995, 3.8974866888256043, 9.620363179780675, 9.561439938872434, 7.542492139130871, 7.836920613242618, 11.51313482568632, 13.93335267980079, 13.63292493200306, 10.65145717621706, 0.0, 2.5955900295815177, 2.7960396256968836, 2.011991868915748, 5.937475883250842, 4.0390767329140544], [14.261251241067622, 12.475747514280485, 5.736234227771795, 17.73103931950548, 12.152605536790123, 12.809167820831966, 5.051016463732583, 4.9984410574227045, 4.679638310805266, 8.196258134770869, 5.00144146798235, 8.343832198461493, 9.581977381602696, 12.168411065435913, 14.258318730348137, 15.69709298714813, 5.597224347894002, 6.771628025558538, 10.620400374268117, 7.82410834599112, 3.5292257345734868, 2.5659596411631194, 10.044735627755504, 9.126039329491126, 6.944435909455995, 8.683710308744676, 11.414704844102337, 14.051232311043927, 14.492926153579537, 11.851673045357252, 2.5955900295815177, 0.0, 3.199339215660369, 3.1983357411107307, 8.41268547236947, 6.5379869890742315], [14.19199081908742, 11.00699411753194, 2.7412493440706074, 19.010261654184426, 12.173552809919657, 15.89506294709951, 5.526721278601606, 8.103992362657943, 7.795757113885238, 11.39554863345337, 5.989803276045032, 8.711154524315184, 9.125551805241384, 13.22068459428131, 15.554495743721805, 16.438194279642893, 7.871320016639476, 8.257108344509929, 11.452211706348024, 8.778156439746777, 5.689924987528631, 5.626137074367413, 12.337702357855328, 11.965436693625547, 9.838285526040535, 10.617399472596212, 14.080235253493095, 16.587848567506068, 16.42570755259967, 13.441561077783145, 2.7960396256968836, 3.199339215660369, 0.0, 4.734351838059279, 6.399799636191824, 6.15187637157171], [11.170537796506501, 10.214244983625825, 6.142936209787731, 14.639226357499528, 9.059024988370984, 11.953059219895199, 8.245043613461704, 4.753039260940588, 6.172611343107032, 8.529638708159272, 1.8283806665455242, 5.219573552761489, 6.76370683821018, 9.000144436962627, 11.160036791588958, 12.502008291040813, 3.212139142907164, 3.6778564283539263, 7.423433801326548, 4.626534637245095, 6.485700409502625, 2.8977281974150033, 7.61764840373647, 7.628936774826104, 5.695362602237167, 5.897294629581286, 9.512789434385557, 11.921398880795884, 11.727545806363416, 8.86100772012998, 2.011991868915748, 3.1983357411107307, 4.734351838059279, 0.0, 7.0017497629122465, 3.950251056024539], [9.560118065864811, 4.769165016426628, 4.296483538691315, 16.386581664842897, 7.992975062693153, 18.59579579228039, 11.92249203790986, 11.754788576207606, 12.808645447495891, 15.529195701463546, 6.387627537173883, 6.251788267548361, 4.828394953212324, 10.834808803675395, 13.316538900917292, 12.996114338654868, 9.501282544918434, 8.19625521328917, 8.995928229596553, 7.453176286440804, 11.748032783097363, 9.69600160292691, 12.853733915984627, 14.0427865038408, 12.429854803808572, 10.674224187309216, 15.341841554645832, 17.20065428280797, 15.490657379673838, 12.14513673699737, 5.937475883250842, 8.41268547236947, 6.399799636191824, 7.0017497629122465, 0.0, 3.922727461310423], [8.051019507060774, 6.273105854804863, 5.699376691672064, 13.410246847562046, 6.021712613123354, 14.793697835044524, 11.188387824928961, 8.463579176902204, 10.12286235088661, 12.220809060714048, 2.6957204243371193, 2.8280249061360547, 3.0795705130868813, 7.617477699455859, 10.093352187951915, 10.468552679890147, 5.749907084540666, 4.274202273798222, 5.745335992642914, 3.65060692096441, 10.061105283489702, 6.847410537589022, 8.936271467213418, 10.207081342905145, 8.74576062011269, 6.764018238753046, 11.421738003093266, 13.300086611518042, 11.833624850280154, 8.524332093518641, 4.0390767329140544, 6.5379869890742315, 6.15187637157171, 3.950251056024539, 3.922727461310423, 0.0]]
20.0
