4
3
36
10514
[0, 0, 0, 0, 0, 0, 751, 0, 0, 0, 733, 0, 0, 723, 716, 0, 712, 0, 0, 726, 0, 749, 743, 0, 0, 0, 722, 724, 0, 0, 752, 747, 721, 725, 0, 0]
[150, 145, 147, 142, 145, 145, 146, 144, 146, 145, 149, 141, 147, 142, 144, 149, 148, 147, 150, 141, 147, 147, 146, 143, 143, 141, 144, 145, 147, 143, 146, 146, 147, 149, 146, 150]
[[0, 1, 1, 1, 0, 0, 0, 0, 0, 0, 0, 0, 0, 0, 0, 0, 0, 0, 0, 0, 0, 0, 0, 0, 0, 0, 0, 0, 0, 0, 0, 0, 0, 0, 0, 0], [1, 0, 1, 1, 0, 1, 0, 0, 0, 0, 0, 0, 0, 0, 0, 0, 0, 0, 0, 0, 0, 1, 0, 1, 0, 0, 0, 0, 0, 0, 0, 0, 0, 0, 0, 0], [1, 1, 0, 0, 0, 0, 0, 0, 0, 0, 0, 0, 0, 0, 0, 0, 0, 0, 0, 0, 0, 1, 0, 0, 0, 0, 0, 0, 0, 0, 0, 0, 0, 0, 0, 0], [1, 1, 0, 0, 0, 1, 0, 0, 0, 0, 0, 0, 0, 0, 0, 0, 0, 0, 0, 0, 0, 0, 0, 0, 0, 0, 0, 0, 0, 0, 0, 0, 0, 0, 0, 0], [0, 0, 0, 0, 0, 1, 1, 0, 0, 0, 0, 1, 0, 0, 0, 0, 0, 0, 0, 0, 0, 0, 0, 0, 0, 0, 0, 0, 0, 0, 0, 0, 0, 0, 0, 0], [0, 1, 0, 1, 1, 0, 1, 0, 0, 0, 1, 0, 0, 0, 0, 0, 0, 0, 0, 0, 0, 0, 0, 1, 0, 0, 0, 0, 0, 0, 0, 0, 0, 0, 0, 0], [0, 0, 0, 0, 1, 1, 0, 0, 0, 0, 1, 1, 0, 0, 0, 0, 0, 0, 0, 0, 0, 0, 0, 0, 0, 0, 0, 0, 0, 0, 0, 0, 0, 0, 0, 0], [0, 0, 0, 0, 0, 0, 0, 0, 1, 1, 0, 0, 0, 0, 0, 1, 0, 0, 0, 0, 0, 0, 0, 0, 0, 0, 0, 0, 0, 0, 0, 0, 0, 0, 0, 0], [0, 0, 0, 0, 0, 0, 0, 1, 0, 0, 0, 0, 0, 0, 0, 1, 0, 0, 0, 0, 0, 0, 0, 0, 0, 0, 0, 0, 0, 0, 0, 0, 0, 0, 0, 0], [0, 0, 0, 0, 0, 0, 0, 1, 0, 0, 0, 0, 0, 0, 0, 1, 0, 0, 0, 0, 1, 0, 0, 0, 0, 0, 0, 0, 0, 0, 0, 0, 0, 0, 0, 0], [0, 0, 0, 0, 0, 1, 1, 0, 0, 0, 0, 0, 0, 0, 0, 0, 0, 0, 0, 0, 0, 0, 0, 1, 0, 0, 0, 1, 0, 0, 0, 1, 0, 0, 0, 0], [0, 0, 0, 0, 1, 0, 1, 0, 0, 0, 0, 0, 1, 0, 0, 0, 0, 0, 0, 0, 0, 0, 0, 0, 0, 0, 0, 0, 0, 0, 0, 1, 0, 0, 0, 0], [0, 0, 0, 0, 0, 0, 0, 0, 0, 0, 0, 1, 0, 0, 0, 0, 0, 0, 0, 0, 0, 0, 0, 0, 0, 0, 0, 0, 0, 0, 0, 1, 0, 0, 1, 0], [0, 0, 0, 0, 0, 0, 0, 0, 0, 0, 0, 0, 0, 0, 1, 1, 1, 0, 0, 0, 0, 0, 0, 0, 0, 0, 0, 0, 0, 0, 0, 0, 0, 0, 0, 0], [0, 0, 0, 0, 0, 0, 0, 0, 0, 0, 0, 0, 0, 1, 0, 0, 0, 1, 0, 0, 0, 0, 0, 0, 0, 0, 0, 0, 0, 0, 0, 0, 0, 0, 0, 0], [0, 0, 0, 0, 0, 0, 0, 1, 1, 1, 0, 0, 0, 1, 0, 0, 1, 0, 0, 0, 1, 0, 0, 0, 0, 1, 0, 0, 0, 0, 0, 0, 0, 0, 0, 0], [0, 0, 0, 0, 0, 0, 0, 0, 0, 0, 0, 0, 0, 1, 0, 1, 0, 1, 1, 0, 0, 0, 0, 0, 0, 1, 1, 0, 0, 0, 0, 0, 0, 0, 0, 0], [0, 0, 0, 0, 0, 0, 0, 0, 0, 0, 0, 0, 0, 0, 1, 0, 1, 0, 1, 0, 0, 0, 0, 0, 0, 0, 0, 0, 0, 0, 0, 0, 1, 0, 0, 1], [0, 0, 0, 0, 0, 0, 0, 0, 0, 0, 0, 0, 0, 0, 0, 0, 1, 1, 0, 0, 0, 0, 0, 0, 0, 0, 1, 0, 0, 0, 1, 0, 1, 0, 0, 0], [0, 0, 0, 0, 0, 0, 0, 0, 0, 0, 0, 0, 0, 0, 0, 0, 0, 0, 0, 0, 0, 1, 1, 1, 0, 0, 0, 0, 0, 0, 0, 0, 0, 0, 0, 0], [0, 0, 0, 0, 0, 0, 0, 0, 0, 1, 0, 0, 0, 0, 0, 1, 0, 0, 0, 0, 0, 0, 1, 0, 0, 0, 0, 0, 1, 0, 0, 0, 0, 0, 0, 0], [0, 1, 1, 0, 0, 0, 0, 0, 0, 0, 0, 0, 0, 0, 0, 0, 0, 0, 0, 1, 0, 0, 0, 1, 0, 0, 0, 0, 0, 0, 0, 0, 0, 0, 0, 0], [0, 0, 0, 0, 0, 0, 0, 0, 0, 0, 0, 0, 0, 0, 0, 0, 0, 0, 0, 1, 1, 0, 0, 0, 0, 0, 0, 0, 1, 0, 0, 0, 0, 0, 0, 0], [0, 1, 0, 0, 0, 1, 0, 0, 0, 0, 1, 0, 0, 0, 0, 0, 0, 0, 0, 1, 0, 1, 0, 0, 0, 0, 0, 0, 1, 0, 0, 0, 0, 0, 0, 0], [0, 0, 0, 0, 0, 0, 0, 0, 0, 0, 0, 0, 0, 0, 0, 0, 0, 0, 0, 0, 0, 0, 0, 0, 0, 1, 1, 1, 1, 0, 1, 0, 0, 0, 0, 0], [0, 0, 0, 0, 0, 0, 0, 0, 0, 0, 0, 0, 0, 0, 0, 1, 1, 0, 0, 0, 0, 0, 0, 0, 1, 0, 1, 0, 1, 0, 0, 0, 0, 0, 0, 0], [0, 0, 0, 0, 0, 0, 0, 0, 0, 0, 0, 0, 0, 0, 0, 0, 1, 0, 1, 0, 0, 0, 0, 0, 1, 1, 0, 0, 0, 0, 1, 0, 0, 0, 0, 0], [0, 0, 0, 0, 0, 0, 0, 0, 0, 0, 1, 0, 0, 0, 0, 0, 0, 0, 0, 0, 0, 0, 0, 0, 1, 0, 0, 0, 1, 0, 1, 0, 0, 0, 0, 0], [0, 0, 0, 0, 0, 0, 0, 0, 0, 0, 0, 0, 0, 0, 0, 0, 0, 0, 0, 0, 1, 0, 1, 1, 1, 1, 0, 1, 0, 0, 0, 0, 0, 0, 0, 0], [0, 0, 0, 0, 0, 0, 0, 0, 0, 0, 0, 0, 0, 0, 0, 0, 0, 0, 0, 0, 0, 0, 0, 0, 0, 0, 0, 0, 0, 0, 1, 1, 1, 1, 1, 1], [0, 0, 0, 0, 0, 0, 0, 0, 0, 0, 0, 0, 0, 0, 0, 0, 0, 0, 1, 0, 0, 0, 0, 0, 1, 0, 1, 1, 0, 1, 0, 1, 1, 0, 0, 0], [0, 0, 0, 0, 0, 0, 0, 0, 0, 0, 1, 1, 1, 0, 0, 0, 0, 0, 0, 0, 0, 0, 0, 0, 0, 0, 0, 0, 0, 1, 1, 0, 0, 0, 1, 0], [0, 0, 0, 0, 0, 0, 0, 0, 0, 0, 0, 0, 0, 0, 0, 0, 0, 1, 1, 0, 0, 0, 0, 0, 0, 0, 0, 0, 0, 1, 1, 0, 0, 0, 0, 1], [0, 0, 0, 0, 0, 0, 0, 0, 0, 0, 0, 0, 0, 0, 0, 0, 0, 0, 0, 0, 0, 0, 0, 0, 0, 0, 0, 0, 0, 1, 0, 0, 0, 0, 0, 1], [0, 0, 0, 0, 0, 0, 0, 0, 0, 0, 0, 0, 1, 0, 0, 0, 0, 0, 0, 0, 0, 0, 0, 0, 0, 0, 0, 0, 0, 1, 0, 1, 0, 0, 0, 0], [0, 0, 0, 0, 0, 0, 0, 0, 0, 0, 0, 0, 0, 0, 0, 0, 0, 1, 0, 0, 0, 0, 0, 0, 0, 0, 0, 0, 0, 1, 0, 0, 1, 1, 0, 0]]
[58, 348, 219, 78, 362, 289, 296, 334, 444, 482, 112, 67, 148, 245, 420, 129, 421, 369, 444, 490, 190, 353, 455, 195, 243, 137, 343, 348, 440, 156, 211, 187, 392, 397, 270, 442]
0.03
[[0.0, 4.648327678230245, 2.8238688919495956, 4.18929272162745, 9.981655957164214, 7.296929667569397, 9.441390156786602, 16.9670648292017, 17.960798874832694, 14.902926243961208, 9.71535237130619, 12.310567393410118, 16.037870635033222, 17.978457151518402, 20.363585614024398, 16.24460453315716, 15.467079100194372, 19.45744725143796, 16.22524795435628, 7.034414141634193, 12.09668735212369, 5.170908630314056, 9.067975060030445, 7.024329943001681, 11.751600738088117, 12.797699080631881, 14.11719075504306, 10.802540710674752, 10.128786578491049, 17.45945611401776, 13.804659829622839, 13.76468692974599, 16.931996356778853, 21.579120361387577, 17.43613208418273, 21.474794387032347], [4.648327678230245, 0.0, 4.469437221287914, 2.5629263037496903, 6.677035331278749, 3.295009014660412, 5.240656127907739, 15.314055473946603, 15.961013671956463, 13.240195444808302, 5.144483469058538, 8.250962097194105, 11.997427180834599, 14.516256411898143, 16.394948942549068, 13.515066317376276, 11.779910387103536, 15.24599275640859, 12.040383418100227, 5.965098605990209, 10.764172319394298, 4.778451119450255, 7.498911517107298, 2.9776152441652086, 7.818851854642059, 9.486940582861706, 10.059324666031785, 6.534301877904826, 7.3075001134135515, 12.82146397377299, 9.362121051351023, 9.13426917130674, 12.498716489198989, 16.99144128257295, 12.902804958430062, 17.041928009186087], [2.8238688919495956, 4.469437221287914, 0.0, 5.508018037182965, 10.960606888979443, 7.727815572740645, 9.709430845095987, 14.167818582343976, 15.197561952749513, 12.11395780761696, 8.701664086038486, 12.720376468692852, 16.466041303124957, 15.652264865760632, 18.31746994018696, 13.655554440509855, 13.308164823649063, 17.63589192700821, 14.430654989479269, 4.302986458289778, 9.293786872119233, 2.450728040761392, 6.347024772076917, 5.662532603245054, 9.875758244666786, 10.504712076090634, 12.257534049747143, 9.275485744849382, 7.728488756943837, 16.478665223271708, 12.381970225242247, 13.19992245367898, 15.424050080980612, 20.329700461712548, 17.147516311045145, 19.903493260180827], [4.18929272162745, 2.5629263037496903, 5.508018037182965, 0.0, 5.793693384574042, 3.3806401344247137, 5.496061298339608, 17.81535056617711, 18.500622022431493, 15.73290756651051, 7.092838077653782, 8.214483532697399, 11.90332452597971, 16.996085419613294, 18.694083067056553, 16.07687519315877, 14.220642249863484, 17.407534941196236, 14.253097923539624, 8.207203224774332, 13.183515755893554, 6.719899349891497, 9.91047325920848, 5.483628801374677, 10.225576118917287, 12.020490639588466, 12.373960085530147, 8.793269510538455, 9.868582199022562, 14.30917409632902, 11.381146145450598, 10.30780379052947, 14.47747894779672, 18.644447647100872, 13.651079690129276, 18.975214131084392], [9.981655957164214, 6.677035331278749, 10.960606888979443, 5.793693384574042, 0.0, 3.481741293617706, 2.7380739187080803, 20.55417312468415, 20.837138974494117, 18.60632336408664, 7.045414792935913, 3.1470639241254608, 6.378667345156845, 17.48340812758631, 17.999667713783985, 17.746372293832756, 14.638336702554511, 16.20226969367902, 13.527644915213047, 12.35259010373498, 16.55960520768768, 11.420251361639691, 13.476560600415313, 7.959804298780267, 10.949013837974896, 13.426156807538199, 12.315294068714588, 9.162026488789067, 12.319142832038295, 11.3235326679335, 10.337748546375401, 7.184652124006796, 12.872210750912894, 15.740060139570522, 9.168718584678667, 16.8616969640473], [7.296929667569397, 3.295009014660412, 7.727815572740645, 3.3806401344247137, 3.481741293617706, 0.0, 2.149039257422213, 17.389205662441388, 17.799185531861294, 15.388150898426089, 4.6110426809048075, 5.0564173010932905, 8.810349771834355, 15.159710307051805, 16.30480194484081, 14.914425668458668, 12.299504247891926, 14.78653562060778, 11.777691147752241, 8.87389502414066, 13.205215125031089, 7.963843952159832, 10.060608662963485, 4.604202812182625, 8.360823913839228, 10.620927325392651, 10.162422787727388, 6.661313510794161, 9.128143676152666, 11.087281868342622, 8.693145006083236, 6.995183027223948, 11.65643727621595, 15.485086187307944, 10.273555617712265, 16.044370485056767], [9.441390156786602, 5.240656127907739, 9.709430845095987, 5.496061298339608, 2.7380739187080803, 2.149039257422213, 0.0, 17.931964367834663, 18.160077661200752, 16.02155616822276, 4.316927596843245, 3.0156957546902934, 6.7567752767950635, 14.760902456157478, 15.415228499918127, 15.025757657752472, 11.910225603385303, 13.704784586542674, 10.907495635149054, 10.267202988463682, 14.108614052832523, 9.635583272906063, 11.146985535301035, 5.641584625440867, 8.214849531270804, 10.709869079205237, 9.60345964153645, 6.426915434808684, 9.752171449849408, 9.360245993726823, 7.722057927172107, 5.172732350021797, 10.43012709447229, 13.80284316074481, 8.166795326543744, 14.625930611178745], [16.9670648292017, 15.314055473946603, 14.167818582343976, 17.81535056617711, 20.55417312468415, 17.389205662441388, 17.931964367834663, 0.0, 1.5751836085656765, 2.0911547187001305, 13.734940169984275, 20.06945196003097, 22.697102022238088, 7.622278642336951, 11.339927119295572, 4.2636449533247855, 8.44333830535597, 12.57583345327276, 11.281824518931083, 9.969757549432758, 4.874438729968861, 11.811443439733342, 8.005124866158875, 12.824624733633174, 10.182761013597494, 7.603323438321945, 10.331548019810436, 11.831010997784704, 8.26252571637139, 16.78742160921155, 12.756420970231288, 16.890055582414718, 13.427998710917759, 17.8058653969679, 20.36553752191317, 15.607663833481675], [17.960798874832694, 15.961013671956463, 15.197561952749513, 18.500622022431493, 20.837138974494117, 17.799185531861294, 18.160077661200752, 1.5751836085656765, 0.0, 3.161001421482359, 13.88367563969725, 20.115143003597908, 22.537611179330096, 6.539940519861568, 10.132862347899348, 3.5734755649155314, 7.823840970940751, 11.541115064343616, 10.594132995268826, 10.926817992595106, 5.9930543707231525, 12.790015681466638, 8.903852815801757, 13.317127224436582, 10.147090515724221, 7.544670673165658, 9.9293446257825, 11.877736432833103, 8.722352643379786, 16.179293194495177, 12.414955613650058, 16.664229967738727, 12.727730153731825, 16.8457170223093, 19.943308050989728, 14.530509499201804], [14.902926243961208, 13.240195444808302, 12.11395780761696, 15.73290756651051, 18.60632336408664, 15.388150898426089, 16.02155616822276, 2.0911547187001305, 3.161001421482359, 0.0, 11.896185605805767, 18.269192335031292, 21.04675201279584, 7.411555570225088, 11.208315674873957, 3.85377389542796, 7.498845367767687, 12.104074322522935, 10.326657022022987, 7.890585011776918, 2.8452153626102694, 9.739360289776764, 5.915420251093871, 10.802655632318904, 8.534050281818802, 6.052390969695417, 9.051256700436266, 10.086420756480114, 6.287394060540504, 15.639145561243232, 11.358210671396836, 15.330193246874357, 12.443207352684214, 17.13390407849633, 18.97653399465885, 15.155516627488309], [9.71535237130619, 5.144483469058538, 8.701664086038486, 7.092838077653782, 7.045414792935913, 4.6110426809048075, 4.316927596843245, 13.734940169984275, 13.88367563969725, 11.896185605805767, 0.0, 6.384034350203507, 9.470674589055783, 10.594160172403514, 11.735018005259935, 10.709590264577965, 7.729236680367007, 10.331895193989855, 7.2282053013445156, 7.426324038653742, 10.263075462946947, 7.551596496588435, 7.667704338121841, 3.085308365894358, 3.9072363952247158, 6.397225326917715, 5.551607714795934, 2.127306270787732, 5.758883883114303, 7.805922291556718, 4.289405020389533, 4.683943717811098, 7.402243366819002, 11.864817127464429, 8.786419604568744, 11.928770061662515], [12.310567393410118, 8.250962097194105, 12.720376468692852, 8.214483532697399, 3.1470639241254608, 5.0564173010932905, 3.0156957546902934, 20.06945196003097, 20.115143003597908, 18.269192335031292, 6.384034350203507, 0.0, 3.7556989841182467, 15.917105828510676, 15.860940521662231, 16.776264683968815, 13.179581641938915, 13.900539553370685, 11.56900657821738, 13.127265917922761, 16.60944268421745, 12.610017526344317, 13.821960866245632, 8.437404004416516, 9.969841829172216, 12.570479907414787, 10.779887545199458, 8.24867084375334, 12.130021354481432, 8.489526438431383, 8.479286937106313, 4.589004453307311, 10.538617913033208, 12.824734444121516, 6.022207035966792, 14.182229652404475], [16.037870635033222, 11.997427180834599, 16.466041303124957, 11.90332452597971, 6.378667345156845, 8.810349771834355, 6.7567752767950635, 22.697102022238088, 22.537611179330096, 21.04675201279584, 9.470674589055783, 3.7556989841182467, 0.0, 17.564500961805383, 16.699234630184733, 19.045582856457237, 15.071883988386038, 14.548838523370636, 12.913882394846103, 16.631753871709364, 19.687098629255072, 16.25517918852757, 17.122095204574055, 11.93996094386416, 12.526233297326675, 15.09392901100007, 12.725935507202424, 10.986814865491892, 15.169160525576576, 8.359206408960729, 10.234530536816331, 5.9030704070340985, 11.354912600246871, 12.052417001239066, 4.382543551107843, 14.023376200636095], [17.978457151518402, 14.516256411898143, 15.652264865760632, 16.996085419613294, 17.48340812758631, 15.159710307051805, 14.760902456157478, 7.622278642336951, 6.539940519861568, 7.411555570225088, 10.594160172403514, 15.917105828510676, 17.564500961805383, 0.0, 3.7976263093726694, 3.5605045485498956, 2.8649244740911826, 5.001540143603401, 4.703027168794075, 11.65111926710249, 8.824766596802428, 13.29439777277073, 9.85514252332033, 11.538866236120409, 6.832020803202646, 5.180785056257065, 5.1803475209508445, 8.499727321171292, 7.924207566181098, 10.18598881051164, 7.462126421100462, 11.733544898533966, 6.648366860217333, 10.321545219041646, 14.299291903840427, 8.000494419776526], [20.363585614024398, 16.394948942549068, 18.31746994018696, 18.694083067056553, 17.999667713783985, 16.30480194484081, 15.415228499918127, 11.339927119295572, 10.132862347899348, 11.208315674873957, 11.735018005259935, 15.860940521662231, 16.699234630184733, 3.7976263093726694, 0.0, 7.358127435264608, 5.0599774480066335, 2.2144646267451633, 4.531489235051064, 14.642213488073507, 12.475853932277436, 16.103856467364736, 13.051099598500555, 13.492116887716012, 8.633202059074957, 7.971698532795218, 6.335899244224628, 9.901405619666402, 10.77437232250201, 8.515122304942087, 7.695163928720526, 11.318402734043673, 5.384934452800692, 7.228503790259221, 12.837352717472859, 4.596842353177592], [16.24460453315716, 13.515066317376276, 13.655554440509855, 16.07687519315877, 17.746372293832756, 14.914425668458668, 15.025757657752472, 4.2636449533247855, 3.5734755649155314, 3.85377389542796, 10.709590264577965, 16.776264683968815, 19.045582856457237, 3.5605045485498956, 7.358127435264608, 0.0, 4.258644482468878, 8.37248104088764, 7.061164349476499, 9.397993575136653, 5.585733340800306, 11.20885685641167, 7.400682846248997, 10.660720105060959, 6.844670274345447, 4.32232167179164, 6.374098234864893, 8.624212149188319, 6.253683464410665, 12.623864640808362, 8.869664621978853, 13.15303399896376, 9.204746833591406, 13.55340461312889, 16.37173622703182, 11.421156523463038], [15.467079100194372, 11.779910387103536, 13.308164823649063, 14.220642249863484, 14.638336702554511, 12.299504247891926, 11.910225603385303, 8.44333830535597, 7.823840970940751, 7.498845367767687, 7.729236680367007, 13.179581641938915, 15.071883988386038, 2.8649244740911826, 5.0599774480066335, 4.258644482468878, 0.0, 4.995484198595913, 2.848067242621334, 9.583246467504258, 7.94915154132487, 11.056860616425936, 8.040050630429029, 8.808090375680232, 4.005273901858595, 2.918033119731464, 2.4013177213680876, 5.638253064048142, 5.7143975077240325, 8.366712091250468, 4.84223309729191, 9.17689217450032, 4.990282001385761, 9.675266692060722, 12.16034577421142, 7.937468083167308], [19.45744725143796, 15.24599275640859, 17.63589192700821, 17.407534941196236, 16.20226969367902, 14.78653562060778, 13.704784586542674, 12.57583345327276, 11.541115064343616, 12.104074322522935, 10.331895193989855, 13.900539553370685, 14.548838523370636, 5.001540143603401, 2.2144646267451633, 8.37248104088764, 4.995484198595913, 0.0, 3.2321994713860684, 14.291572158269009, 12.91201097211567, 15.572407717535622, 12.926449806386474, 12.458483900800294, 7.7634719610701834, 7.793677345966886, 5.379134605776571, 8.717942343684962, 10.44671156821546, 6.310682511218213, 6.094220242101492, 9.320364415836735, 3.3627146846789957, 5.345577682800919, 10.632125277182109, 3.0528805342899124], [16.22524795435628, 12.040383418100227, 14.430654989479269, 14.253097923539624, 13.527644915213047, 11.777691147752241, 10.907495635149054, 11.281824518931083, 10.594132995268826, 10.326657022022987, 7.2282053013445156, 11.56900657821738, 12.913882394846103, 4.703027168794075, 4.531489235051064, 7.061164349476499, 2.848067242621334, 3.2321994713860684, 0.0, 11.229625375518571, 10.531137972033482, 12.418575568178456, 10.028068788034759, 9.229436296950903, 4.556126406494122, 5.041930032678012, 2.1891762254836733, 5.506127442787883, 7.457237305658138, 5.60292473291745, 3.1905570543123702, 7.173377066810477, 2.146273387108263, 6.980592737933497, 9.607539364988632, 5.650778194567414], [7.034414141634193, 5.965098605990209, 4.302986458289778, 8.207203224774332, 12.35259010373498, 8.87389502414066, 10.267202988463682, 9.969757549432758, 10.926817992595106, 7.890585011776918, 7.426324038653742, 13.127265917922761, 16.631753871709364, 11.65111926710249, 14.642213488073507, 9.397993575136653, 9.583246467504258, 14.291572158269009, 11.229625375518571, 0.0, 5.133735431178223, 1.8655661056971193, 2.0441839329417264, 4.698109232234167, 6.83545018751705, 6.672238738482802, 9.058310426480235, 6.967601718005021, 3.87366847266296, 14.470102068512103, 9.913757694361747, 12.070161705398636, 12.633399347724051, 17.764449113189016, 16.1829916420032, 16.871170502775385], [12.09668735212369, 10.764172319394298, 9.293786872119233, 13.183515755893554, 16.55960520768768, 13.205215125031089, 14.108614052832523, 4.874438729968861, 5.9930543707231525, 2.8452153626102694, 10.263075462946947, 16.60944268421745, 19.687098629255072, 8.824766596802428, 12.475853932277436, 5.585733340800306, 7.94915154132487, 12.91201097211567, 10.531137972033482, 5.133735431178223, 0.0, 6.953208169499211, 3.2733703045789677, 8.610778614632032, 7.549707265930276, 5.581424853117081, 8.792122756771898, 8.769563102806265, 4.518095291137367, 15.314140039399467, 10.735487519835228, 14.250805195984881, 12.493887207439942, 17.511205822439376, 18.15637524230804, 15.886091722477664], [5.170908630314056, 4.778451119450255, 2.450728040761392, 6.719899349891497, 11.420251361639691, 7.963843952159832, 9.635583272906063, 11.811443439733342, 12.790015681466638, 9.739360289776764, 7.551596496588435, 12.610017526344317, 16.25517918852757, 13.29439777277073, 16.103856467364736, 11.20885685641167, 11.056860616425936, 15.572407717535622, 12.418575568178456, 1.8655661056971193, 6.953208169499211, 0.0, 3.906966502096164, 4.50900912846971, 7.888597388355198, 8.195168804342654, 10.229465907774047, 7.615893718442393, 5.385082770817212, 15.071943913408914, 10.70156746261519, 12.225814952120837, 13.614568788494084, 18.65899923034899, 16.3049724773043, 17.99791940693184], [9.067975060030445, 7.498911517107298, 6.347024772076917, 9.91047325920848, 13.476560600415313, 10.060608662963485, 11.146985535301035, 8.005124866158875, 8.903852815801757, 5.915420251093871, 7.667704338121841, 13.821960866245632, 17.122095204574055, 9.85514252332033, 13.051099598500555, 7.400682846248997, 8.040050630429029, 12.926449806386474, 10.028068788034759, 2.0441839329417264, 3.2733703045789677, 3.906966502096164, 0.0, 5.529189030547801, 5.991813424427452, 5.142622184471617, 7.940248281473717, 6.641251363544208, 2.6223101017255477, 13.915205832125784, 9.254582044185634, 12.075325531303273, 11.662302120914397, 16.823536138418024, 16.141463655379532, 15.665513073311887], [7.024329943001681, 2.9776152441652086, 5.662532603245054, 5.483628801374677, 7.959804298780267, 4.604202812182625, 5.641584625440867, 12.824624733633174, 13.317127224436582, 10.802655632318904, 3.085308365894358, 8.437404004416516, 11.93996094386416, 11.538866236120409, 13.492116887716012, 10.660720105060959, 8.808090375680232, 12.458483900800294, 9.229436296950903, 4.698109232234167, 8.610778614632032, 4.50900912846971, 5.529189030547801, 0.0, 4.873336250373376, 6.538918429728181, 7.172277270383021, 3.778389123754702, 4.595832157298618, 10.81780789668035, 6.816340853066266, 7.728121400027815, 9.92542296565975, 14.707731089296416, 11.797098870242674, 14.46064316878014], [11.751600738088117, 7.818851854642059, 9.875758244666786, 10.225576118917287, 10.949013837974896, 8.360823913839228, 8.214849531270804, 10.182761013597494, 10.147090515724221, 8.534050281818802, 3.9072363952247158, 9.969841829172216, 12.526233297326675, 6.832020803202646, 8.633202059074957, 6.844670274345447, 4.005273901858595, 7.7634719610701834, 4.556126406494122, 6.83545018751705, 7.549707265930276, 7.888597388355198, 5.991813424427452, 4.873336250373376, 0.0, 2.604572577210429, 2.384866822152281, 1.7884930777601942, 3.3939968104250897, 7.948953015457487, 3.283271127233358, 6.810425577054983, 5.79795837935069, 10.936387455900151, 10.615542278694898, 10.110121074993259], [12.797699080631881, 9.486940582861706, 10.504712076090634, 12.020490639588466, 13.426156807538199, 10.620927325392651, 10.709869079205237, 7.603323438321945, 7.544670673165658, 6.052390969695417, 6.397225326917715, 12.570479907414787, 15.09392901100007, 5.180785056257065, 7.971698532795218, 4.32232167179164, 2.918033119731464, 7.793677345966886, 5.041930032678012, 6.672238738482802, 5.581424853117081, 8.195168804342654, 5.142622184471617, 6.538918429728181, 2.604572577210429, 0.0, 3.2119934462267516, 4.341753281515725, 2.8173101542814063, 9.780972959193212, 5.3292497168857, 9.303339218325906, 6.924838238185011, 12.000400105786328, 12.931277602090676, 10.600556572753128], [14.11719075504306, 10.059324666031785, 12.257534049747143, 12.373960085530147, 12.315294068714588, 10.162422787727388, 9.60345964153645, 10.331548019810436, 9.9293446257825, 9.051256700436266, 5.551607714795934, 10.779887545199458, 12.725935507202424, 5.1803475209508445, 6.335899244224628, 6.374098234864893, 2.4013177213680876, 5.379134605776571, 2.1891762254836733, 9.058310426480235, 8.792122756771898, 10.229465907774047, 7.940248281473717, 7.172277270383021, 2.384866822152281, 3.2119934462267516, 0.0, 3.587343297546419, 5.33630475838501, 6.608726160173189, 2.5013469572552816, 6.822944417896132, 3.7594074122481915, 8.901484878514037, 10.039962520534687, 7.813033577270493], [10.802540710674752, 6.534301877904826, 9.275485744849382, 8.793269510538455, 9.162026488789067, 6.661313510794161, 6.426915434808684, 11.831010997784704, 11.877736432833103, 10.086420756480114, 2.127306270787732, 8.24867084375334, 10.986814865491892, 8.499727321171292, 9.901405619666402, 8.624212149188319, 5.638253064048142, 8.717942343684962, 5.506127442787883, 6.967601718005021, 8.769563102806265, 7.615893718442393, 6.641251363544208, 3.778389123754702, 1.7884930777601942, 4.341753281515725, 3.587343297546419, 0.0, 4.298801575314496, 7.5112904153862905, 3.111123236650671, 5.502939936514345, 6.166944000216514, 11.07632733857784, 9.515843306727662, 10.689589984075223], [10.128786578491049, 7.3075001134135515, 7.728488756943837, 9.868582199022562, 12.319142832038295, 9.128143676152666, 9.752171449849408, 8.26252571637139, 8.722352643379786, 6.287394060540504, 5.758883883114303, 12.130021354481432, 15.169160525576576, 7.924207566181098, 10.77437232250201, 6.253683464410665, 5.7143975077240325, 10.44671156821546, 7.457237305658138, 3.87366847266296, 4.518095291137367, 5.385082770817212, 2.6223101017255477, 4.595832157298618, 3.3939968104250897, 2.8173101542814063, 5.33630475838501, 4.298801575314496, 0.0, 11.34074793783628, 6.67428782284986, 9.801682052479537, 9.042980415689245, 14.20476723644816, 13.788998005830436, 13.106919888481933], [17.45945611401776, 12.82146397377299, 16.478665223271708, 14.30917409632902, 11.3235326679335, 11.087281868342622, 9.360245993726823, 16.78742160921155, 16.179293194495177, 15.639145561243232, 7.805922291556718, 8.489526438431383, 8.359206408960729, 10.18598881051164, 8.515122304942087, 12.623864640808362, 8.366712091250468, 6.310682511218213, 5.60292473291745, 14.470102068512103, 15.314140039399467, 15.071943913408914, 13.915205832125784, 10.81780789668035, 7.948953015457487, 9.780972959193212, 6.608726160173189, 7.5112904153862905, 11.34074793783628, 0.0, 4.666464923904375, 4.19789491815161, 3.5378138759422035, 4.4462414092119, 4.322249360778988, 5.7652820647585585], [13.804659829622839, 9.362121051351023, 12.381970225242247, 11.381146145450598, 10.337748546375401, 8.693145006083236, 7.722057927172107, 12.756420970231288, 12.414955613650058, 11.358210671396836, 4.289405020389533, 8.479286937106313, 10.234530536816331, 7.462126421100462, 7.695163928720526, 8.869664621978853, 4.84223309729191, 6.094220242101492, 3.1905570543123702, 9.913757694361747, 10.735487519835228, 10.70156746261519, 9.254582044185634, 6.816340853066266, 3.283271127233358, 5.3292497168857, 2.5013469572552816, 3.111123236650671, 6.67428782284986, 4.666464923904375, 0.0, 4.335250343631225, 3.1376818771060795, 7.967215673462774, 7.624056543438068, 7.684106701938008], [13.76468692974599, 9.13426917130674, 13.19992245367898, 10.30780379052947, 7.184652124006796, 6.995183027223948, 5.172732350021797, 16.890055582414718, 16.664229967738727, 15.330193246874357, 4.683943717811098, 4.589004453307311, 5.9030704070340985, 11.733544898533966, 11.318402734043673, 13.15303399896376, 9.17689217450032, 9.320364415836735, 7.173377066810477, 12.070161705398636, 14.250805195984881, 12.225814952120837, 12.075325531303273, 7.728121400027815, 6.810425577054983, 9.303339218325906, 6.822944417896132, 5.502939936514345, 9.801682052479537, 4.19789491815161, 4.335250343631225, 0.0, 5.962717945462238, 8.64412604303108, 4.112870031891663, 9.686190358553015], [16.931996356778853, 12.498716489198989, 15.424050080980612, 14.47747894779672, 12.872210750912894, 11.65643727621595, 10.43012709447229, 13.427998710917759, 12.727730153731825, 12.443207352684214, 7.402243366819002, 10.538617913033208, 11.354912600246871, 6.648366860217333, 5.384934452800692, 9.204746833591406, 4.990282001385761, 3.3627146846789957, 2.146273387108263, 12.633399347724051, 12.493887207439942, 13.614568788494084, 11.662302120914397, 9.92542296565975, 5.79795837935069, 6.924838238185011, 3.7594074122481915, 6.166944000216514, 9.042980415689245, 3.5378138759422035, 3.1376818771060795, 5.962717945462238, 0.0, 5.161855052168777, 7.719809527022749, 4.547000385730211], [21.579120361387577, 16.99144128257295, 20.329700461712548, 18.644447647100872, 15.740060139570522, 15.485086187307944, 13.80284316074481, 17.8058653969679, 16.8457170223093, 17.13390407849633, 11.864817127464429, 12.824734444121516, 12.052417001239066, 10.321545219041646, 7.228503790259221, 13.55340461312889, 9.675266692060722, 5.345577682800919, 6.980592737933497, 17.764449113189016, 17.511205822439376, 18.65899923034899, 16.823536138418024, 14.707731089296416, 10.936387455900151, 12.000400105786328, 8.901484878514037, 11.07632733857784, 14.20476723644816, 4.4462414092119, 7.967215673462774, 8.64412604303108, 5.161855052168777, 0.0, 7.673721821550678, 2.7527399419388834], [17.43613208418273, 12.902804958430062, 17.147516311045145, 13.651079690129276, 9.168718584678667, 10.273555617712265, 8.166795326543744, 20.36553752191317, 19.943308050989728, 18.97653399465885, 8.786419604568744, 6.022207035966792, 4.382543551107843, 14.299291903840427, 12.837352717472859, 16.37173622703182, 12.16034577421142, 10.632125277182109, 9.607539364988632, 16.1829916420032, 18.15637524230804, 16.3049724773043, 16.141463655379532, 11.797098870242674, 10.615542278694898, 12.931277602090676, 10.039962520534687, 9.515843306727662, 13.788998005830436, 4.322249360778988, 7.624056543438068, 4.112870031891663, 7.719809527022749, 7.673721821550678, 0.0, 9.744853242775415], [21.474794387032347, 17.041928009186087, 19.903493260180827, 18.975214131084392, 16.8616969640473, 16.044370485056767, 14.625930611178745, 15.607663833481675, 14.530509499201804, 15.155516627488309, 11.928770061662515, 14.182229652404475, 14.023376200636095, 8.000494419776526, 4.596842353177592, 11.421156523463038, 7.937468083167308, 3.0528805342899124, 5.650778194567414, 16.871170502775385, 15.886091722477664, 17.99791940693184, 15.665513073311887, 14.46064316878014, 10.110121074993259, 10.600556572753128, 7.813033577270493, 10.689589984075223, 13.106919888481933, 5.7652820647585585, 7.684106701938008, 9.686190358553015, 4.547000385730211, 2.7527399419388834, 9.744853242775415, 0.0]]
20.0
